hs1 250000 250000 0.237788
hs1 500000 500000 0.291066
hs1 750000 750000 0.845814
hs1 1000000 1000000 0.152208
hs1 1250000 1250000 0.585537
hs1 1500000 1500000 0.193475
hs1 1750000 1750000 0.810623
hs1 2000000 2000000 0.173531
hs1 2250000 2250000 0.484983
hs1 2500000 2500000 0.151863
hs1 2750000 2750000 0.366957
hs1 3000000 3000000 0.491736
hs1 3250000 3250000 0.910094
hs1 3500000 3500000 0.265257
hs1 3750000 3750000 0.893188
hs1 4000000 4000000 0.220351
hs1 4250000 4250000 0.631798
hs1 4500000 4500000 0.571077
hs1 4750000 4750000 0.332158
hs1 5000000 5000000 0.104455
hs1 5250000 5250000 0.502931
hs1 5500000 5500000 0.567394
hs1 5750000 5750000 0.854165
hs1 6000000 6000000 0.0401409
hs1 6250000 6250000 0.108022
hs1 6500000 6500000 0.639396
hs1 6750000 6750000 0.013111
hs1 7000000 7000000 0.720184
hs1 7250000 7250000 0.101814
hs1 7500000 7500000 0.482945
hs1 7750000 7750000 0.254355
hs1 8000000 8000000 0.676697
hs1 8250000 8250000 0.896782
hs1 8500000 8500000 0.759896
hs1 8750000 8750000 0.720292
hs1 9000000 9000000 0.907623
hs1 9250000 9250000 0.928611
hs1 9500000 9500000 0.377663
hs1 9750000 9750000 0.899756
hs1 10000000 10000000 0.77888
hs1 10250000 10250000 0.324255
hs1 10500000 10500000 0.194231
hs1 10750000 10750000 0.995553
hs1 11000000 11000000 0.161296
hs1 11250000 11250000 0.708034
hs1 11500000 11500000 0.501519
hs1 11750000 11750000 0.936301
hs1 12000000 12000000 0.716323
hs1 12250000 12250000 0.10519
hs1 12500000 12500000 0.209205
hs1 12750000 12750000 0.559397
hs1 13000000 13000000 0.705432
hs1 13250000 13250000 0.0782337
hs1 13500000 13500000 0.51053
hs1 13750000 13750000 0.196197
hs1 14000000 14000000 0.274211
hs1 14250000 14250000 0.638602
hs1 14500000 14500000 0.448208
hs1 14750000 14750000 0.0398718
hs1 15000000 15000000 0.467251
hs1 15250000 15250000 0.0777565
hs1 15500000 15500000 0.0381004
hs1 15750000 15750000 0.160044
hs1 16000000 16000000 0.397832
hs1 16250000 16250000 0.688898
hs1 16500000 16500000 0.534712
hs1 16750000 16750000 0.68692
hs1 17000000 17000000 0.272457
hs1 17250000 17250000 0.465933
hs1 17500000 17500000 0.276555
hs1 17750000 17750000 0.450086
hs1 18000000 18000000 0.935069
hs1 18250000 18250000 0.0869318
hs1 18500000 18500000 0.453889
hs1 18750000 18750000 0.945625
hs1 19000000 19000000 0.855719
hs1 19250000 19250000 0.120976
hs1 19500000 19500000 0.0141639
hs1 19750000 19750000 0.234515
hs1 20000000 20000000 0.866313
hs1 20250000 20250000 0.43739
hs1 20500000 20500000 0.769548
hs1 20750000 20750000 0.874003
hs1 21000000 21000000 0.376934
hs1 21250000 21250000 0.944328
hs1 21500000 21500000 0.798493
hs1 21750000 21750000 0.838634
hs1 22000000 22000000 0.946656
hs1 22250000 22250000 0.586052
hs1 22500000 22500000 0.599163
hs1 22750000 22750000 0.319347
hs1 23000000 23000000 0.421162
hs1 23250000 23250000 0.904107
hs1 23500000 23500000 0.158462
hs1 23750000 23750000 0.835159
hs1 24000000 24000000 0.731942
hs1 24250000 24250000 0.491837
hs1 24500000 24500000 0.212129
hs1 24750000 24750000 0.119752
hs1 25000000 25000000 0.0483631
hs1 25250000 25250000 0.426026
hs1 25500000 25500000 0.325782
hs1 25750000 25750000 0.104662
hs1 26000000 26000000 0.428916
hs1 26250000 26250000 0.623148
hs1 26500000 26500000 0.6187
hs1 26750000 26750000 0.779997
hs1 27000000 27000000 0.488031
hs1 27250000 27250000 0.98955
hs1 27500000 27500000 0.925851
hs1 27750000 27750000 0.642174
hs1 28000000 28000000 0.747365
hs1 28250000 28250000 0.956569
hs1 28500000 28500000 0.515966
hs1 28750000 28750000 0.221398
hs1 29000000 29000000 0.299632
hs1 29250000 29250000 0.810162
hs1 29500000 29500000 0.00635903
hs1 29750000 29750000 0.28057
hs1 30000000 30000000 0.919172
hs1 30250000 30250000 0.36738
hs1 30500000 30500000 0.407252
hs1 30750000 30750000 0.874503
hs1 31000000 31000000 0.95226
hs1 31250000 31250000 0.99036
hs1 31500000 31500000 0.150404
hs1 31750000 31750000 0.548236
hs1 32000000 32000000 0.237134
hs1 32250000 32250000 0.771846
hs1 32500000 32500000 0.458766
hs1 32750000 32750000 0.731223
hs1 33000000 33000000 0.197155
hs1 33250000 33250000 0.473711
hs1 33500000 33500000 0.923797
hs1 33750000 33750000 0.858866
hs1 34000000 34000000 0.945798
hs1 34250000 34250000 0.399686
hs1 34500000 34500000 0.345312
hs1 34750000 34750000 0.201031
hs1 35000000 35000000 0.322008
hs1 35250000 35250000 0.336171
hs1 35500000 35500000 0.570686
hs1 35750000 35750000 0.437
hs1 36000000 36000000 0.87439
hs1 36250000 36250000 0.643938
hs1 36500000 36500000 0.517941
hs1 36750000 36750000 0.894874
hs1 37000000 37000000 0.839202
hs1 37250000 37250000 0.637695
hs1 37500000 37500000 0.476329
hs1 37750000 37750000 0.422985
hs1 38000000 38000000 0.00903642
hs1 38250000 38250000 0.608199
hs1 38500000 38500000 0.927547
hs1 38750000 38750000 0.348708
hs1 39000000 39000000 0.252815
hs1 39250000 39250000 0.411277
hs1 39500000 39500000 0.246436
hs1 39750000 39750000 0.978378
hs1 40000000 40000000 0.470215
hs1 40250000 40250000 0.682345
hs1 40500000 40500000 0.802097
hs1 40750000 40750000 0.85046
hs1 41000000 41000000 0.276486
hs1 41250000 41250000 0.602268
hs1 41500000 41500000 0.70693
hs1 41750000 41750000 0.135846
hs1 42000000 42000000 0.758994
hs1 42250000 42250000 0.377694
hs1 42500000 42500000 0.157691
hs1 42750000 42750000 0.645722
hs1 43000000 43000000 0.635273
hs1 43250000 43250000 0.561124
hs1 43500000 43500000 0.203298
hs1 43750000 43750000 0.950663
hs1 44000000 44000000 0.907232
hs1 44250000 44250000 0.423198
hs1 44500000 44500000 0.644596
hs1 44750000 44750000 0.944228
hs1 45000000 45000000 0.75439
hs1 45250000 45250000 0.760749
hs1 45500000 45500000 0.0413186
hs1 45750000 45750000 0.960491
hs1 46000000 46000000 0.327871
hs1 46250000 46250000 0.735123
hs1 46500000 46500000 0.609626
hs1 46750000 46750000 0.561885
hs1 47000000 47000000 0.552245
hs1 47250000 47250000 0.70265
hs1 47500000 47500000 0.250886
hs1 47750000 47750000 0.488021
hs1 48000000 48000000 0.259866
hs1 48250000 48250000 0.718632
hs1 48500000 48500000 0.449855
hs1 48750000 48750000 0.64701
hs1 49000000 49000000 0.120721
hs1 49250000 49250000 0.0445171
hs1 49500000 49500000 0.903383
hs1 49750000 49750000 0.84918
hs1 50000000 50000000 0.248867
