hs1 0 500001 120.00
hs1 500001 512501 117.10
hs1 512501 525001 114.20
hs1 525001 537501 111.29
hs1 537501 550001 108.39
hs1 550001 562501 105.49
hs1 562501 575001 102.59
hs1 575001 587501 99.68
hs1 587501 600001 96.78
hs1 600001 612501 93.88
hs1 612501 625001 90.98
hs1 625001 637501 88.07
hs1 637501 650001 85.17
hs1 650001 662501 82.27
hs1 662501 675001 79.37
hs1 675001 687501 76.46
hs1 687501 700001 73.56
hs1 700001 712501 70.66
hs1 712501 725001 67.76
hs1 725001 737501 64.85
hs1 737501 750001 61.95
hs1 750001 762501 59.05
hs1 762501 775001 56.15
hs1 775001 787501 53.24
hs1 787501 800001 50.34
hs1 800001 812501 47.44
hs1 812501 825001 44.54
hs1 825001 837501 41.63
hs1 837501 850001 38.73
hs1 850001 862501 35.83
hs1 862501 875001 32.93
hs1 875001 887501 30.02
hs1 887501 900001 27.12
hs1 900001 912501 24.22
hs1 912501 925001 21.32
hs1 925001 937501 18.41
hs1 937501 950001 15.51
hs1 950001 962501 12.61
hs1 962501 975001 9.71
hs1 975001 987501 6.80
hs1 987501 1000002 3.90
hs1 1000002 1999998 0.32
hs1 1999998 3999998 0.30
hs1 3999998 5999998 0.28
hs1 5999998 7999998 0.25
hs1 7999998 9999998 0.23
hs1 9999998 11999998 0.21
hs1 11999998 13999998 0.19
hs1 13999998 15999998 0.17
hs1 15999998 16407498 0.14
hs1 16407498 16414998 10.71
hs1 16414998 16422498 15.56
hs1 16422498 16429998 20.41
hs1 16429998 16437498 25.27
hs1 16437498 16444998 30.12
hs1 16444998 16452498 34.98
hs1 16452498 16459998 39.83
hs1 16459998 16467498 44.68
hs1 16467498 16474998 49.54
hs1 16474998 16482498 54.39
hs1 16482498 16489998 59.24
hs1 16489998 16497498 64.10
hs1 16497498 16504998 68.95
hs1 16504998 16512498 73.80
hs1 16512498 16519998 78.66
hs1 16519998 16527498 83.51
hs1 16527498 16534998 88.37
hs1 16534998 16542498 93.22
hs1 16542498 16549998 98.07
hs1 16549998 16557498 102.93
hs1 16557498 16564998 107.78
hs1 16564998 16572498 112.63
hs1 16572498 16579998 117.49
hs1 16579998 16587498 122.34
hs1 16587498 16594998 127.20
hs1 16594998 16602498 132.05
hs1 16602498 16609998 136.90
hs1 16609998 16617498 141.76
hs1 16617498 16624998 146.61
hs1 16624998 16632498 151.46
hs1 16632498 16639998 156.32
hs1 16639998 16647498 161.17
hs1 16647498 16654998 166.02
hs1 16654998 16662498 170.88
hs1 16662498 16669998 175.73
hs1 16669998 16677498 180.59
hs1 16677498 16684998 185.44
hs1 16684998 16692498 190.29
hs1 16692498 16699999 195.15
hs1 16699999 17000001 200.00
hs1 17000001 17007501 195.15
hs1 17007501 17015001 190.29
hs1 17015001 17022501 185.44
hs1 17022501 17030001 180.59
hs1 17030001 17037501 175.73
hs1 17037501 17045001 170.88
hs1 17045001 17052501 166.02
hs1 17052501 17060001 161.17
hs1 17060001 17067501 156.32
hs1 17067501 17075001 151.46
hs1 17075001 17082501 146.61
hs1 17082501 17090001 141.76
hs1 17090001 17097501 136.90
hs1 17097501 17105001 132.05
hs1 17105001 17112501 127.20
hs1 17112501 17120001 122.34
hs1 17120001 17127501 117.49
hs1 17127501 17135001 112.63
hs1 17135001 17142501 107.78
hs1 17142501 17150001 102.93
hs1 17150001 17157501 98.07
hs1 17157501 17165001 93.22
hs1 17165001 17172501 88.37
hs1 17172501 17180001 83.51
hs1 17180001 17187501 78.66
hs1 17187501 17195001 73.80
hs1 17195001 17202501 68.95
hs1 17202501 17210001 64.10
hs1 17210001 17217501 59.24
hs1 17217501 17225001 54.39
hs1 17225001 17232501 49.54
hs1 17232501 17240001 44.68
hs1 17240001 17247501 39.83
hs1 17247501 17255001 34.98
hs1 17255001 17262501 30.12
hs1 17262501 17270001 25.27
hs1 17270001 17277501 20.41
hs1 17277501 17285001 15.56
hs1 17285001 17292501 10.71
hs1 17292501 17999998 0.14
hs1 17999998 19999999 0.12
hs1 19999999 100000001 0.10
hs1 100000001 102000001 0.12
hs1 102000001 104000001 0.14
hs1 104000001 106000001 0.17
hs1 106000001 108000001 0.19
hs1 108000001 110000001 0.21
hs1 110000001 112000001 0.23
hs1 112000001 114000001 0.25
hs1 114000001 116000001 0.28
hs1 116000001 118000001 0.30
hs1 118000001 120000001 0.32
hs1 120000001 122000001 0.34
hs1 122000001 124000001 0.36
hs1 124000001 126000001 0.39
hs1 126000001 128000001 0.41
hs1 128000001 130000001 0.43
hs1 130000001 132000001 0.45
hs1 132000001 134000001 0.47
hs1 134000001 136000001 0.50
hs1 136000001 138000001 0.52
hs1 138000001 140000001 0.54
hs1 140000001 142499998 0.56
hs1 142499998 143024998 0.54
hs1 143024998 143049998 1.93
hs1 143049998 143074998 2.39
hs1 143074998 143099998 2.85
hs1 143099998 143124998 3.32
hs1 143124998 143149998 3.78
hs1 143149998 143174998 4.24
hs1 143174998 143199998 4.71
hs1 143199998 143224998 5.17
hs1 143224998 143249998 5.63
hs1 143249998 143274998 6.10
hs1 143274998 143299998 6.56
hs1 143299998 143324998 7.02
hs1 143324998 143349998 7.49
hs1 143349998 143374998 7.95
hs1 143374998 143399998 8.41
hs1 143399998 143424998 8.88
hs1 143424998 143449998 9.34
hs1 143449998 143474998 9.80
hs1 143474998 143499998 10.27
hs1 143499998 143524998 10.73
hs1 143524998 143549998 11.20
hs1 143549998 143574998 11.66
hs1 143574998 143599998 12.12
hs1 143599998 143624998 12.59
hs1 143624998 143649998 13.05
hs1 143649998 143674998 13.51
hs1 143674998 143699998 13.98
hs1 143699998 143724998 14.44
hs1 143724998 143749998 14.90
hs1 143749998 143774998 15.37
hs1 143774998 143799998 15.83
hs1 143799998 143824998 16.29
hs1 143824998 143849998 16.76
hs1 143849998 143874998 17.22
hs1 143874998 143899998 17.68
hs1 143899998 143924998 18.15
hs1 143924998 143949998 18.61
hs1 143949998 143974998 19.07
hs1 143974998 143999999 19.54
hs1 143999999 145000001 20.00
hs1 145000001 145025001 19.54
hs1 145025001 145050001 19.07
hs1 145050001 145075001 18.61
hs1 145075001 145100001 18.15
hs1 145100001 145125001 17.68
hs1 145125001 145150001 17.22
hs1 145150001 145175001 16.76
hs1 145175001 145200001 16.29
hs1 145200001 145225001 15.83
hs1 145225001 145250001 15.37
hs1 145250001 145275001 14.90
hs1 145275001 145300001 14.44
hs1 145300001 145325001 13.98
hs1 145325001 145350001 13.51
hs1 145350001 145375001 13.05
hs1 145375001 145400001 12.59
hs1 145400001 145425001 12.12
hs1 145425001 145450001 11.66
hs1 145450001 145475001 11.20
hs1 145475001 145500001 10.73
hs1 145500001 145525001 10.27
hs1 145525001 145550001 9.80
hs1 145550001 145575001 9.34
hs1 145575001 145600001 8.88
hs1 145600001 145625001 8.41
hs1 145625001 145650001 7.95
hs1 145650001 145675001 7.49
hs1 145675001 145700001 7.02
hs1 145700001 145725001 6.56
hs1 145725001 145750001 6.10
hs1 145750001 145775001 5.63
hs1 145775001 145800001 5.17
hs1 145800001 145825001 4.71
hs1 145825001 145850001 4.24
hs1 145850001 145875001 3.78
hs1 145875001 145900001 3.32
hs1 145900001 145925001 2.85
hs1 145925001 145950001 2.39
hs1 145950001 145999998 0.47
hs1 145999998 146874998 0.45
hs1 146874998 147749998 0.43
hs1 147749998 148624998 0.41
hs1 148624998 149499998 0.39
hs1 149499998 150374998 0.36
hs1 150374998 151249998 0.34
hs1 151249998 152124998 0.32
hs1 152124998 152999998 0.30
hs1 152999998 153874998 0.28
hs1 153874998 154749998 0.25
hs1 154749998 155624998 0.23
hs1 155624998 156499998 0.21
hs1 156499998 157374998 0.19
hs1 157374998 158249998 0.17
hs1 158249998 159124998 0.14
hs1 159124998 159999999 0.12
hs1 159999999 195000001 0.10
hs1 195000001 195875001 0.12
hs1 195875001 196750001 0.14
hs1 196750001 197625001 0.17
hs1 197625001 198500001 0.19
hs1 198500001 199375001 0.21
hs1 199375001 200250001 0.23
hs1 200250001 201125001 0.25
hs1 201125001 202000001 0.28
hs1 202000001 202875001 0.30
hs1 202875001 203750001 0.32
hs1 203750001 204625001 0.34
hs1 204625001 205500001 0.36
hs1 205500001 206375001 0.39
hs1 206375001 207250001 0.41
hs1 207250001 208125001 0.43
hs1 208125001 209000001 0.45
hs1 209000001 209875001 0.47
hs1 209875001 210750001 0.50
hs1 210750001 211625001 0.52
hs1 211625001 212500001 0.54
hs1 212500001 213375001 0.56
hs1 213375001 214250001 0.58
hs1 214250001 215125001 0.60
hs1 215125001 216000001 0.63
hs1 216000001 216875001 0.65
hs1 216875001 217750001 0.67
hs1 217750001 218625001 0.69
hs1 218625001 219500001 0.71
hs1 219500001 220375001 0.74
hs1 220375001 221250001 0.76
hs1 221250001 222125001 0.78
hs1 222125001 223000001 0.80
hs1 223000001 223875001 0.82
hs1 223875001 224750001 0.85
hs1 224750001 225625001 0.87
hs1 225625001 226500001 0.89
hs1 226500001 227375001 0.91
hs1 227375001 228250001 0.93
hs1 228250001 229125001 0.96
hs1 229125001 230000002 0.98
hs1 230000002 247249719 1.00
hs2 0 1249998 0.23
hs2 1249998 2999998 0.21
hs2 2999998 4749998 0.19
hs2 4749998 6499998 0.17
hs2 6499998 8249998 0.14
hs2 8249998 9999999 0.12
hs2 9999999 80000001 0.10
hs2 80000001 81750001 0.12
hs2 81750001 82837498 0.14
hs2 82837498 83349998 7.15
hs2 83349998 83862498 7.37
hs2 83862498 84374998 7.59
hs2 84374998 84887498 7.80
hs2 84887498 85399998 8.02
hs2 85399998 85912498 8.24
hs2 85912498 86424998 8.46
hs2 86424998 86719998 8.68
hs2 86719998 86734998 9.56
hs2 86734998 86749998 10.51
hs2 86749998 86764998 11.46
hs2 86764998 86779998 12.41
hs2 86779998 86794998 13.37
hs2 86794998 86809998 14.32
hs2 86809998 86824998 15.27
hs2 86824998 86839998 16.22
hs2 86839998 86854998 17.17
hs2 86854998 86869998 18.12
hs2 86869998 86884998 19.07
hs2 86884998 86899998 20.02
hs2 86899998 86914998 20.98
hs2 86914998 86929998 21.93
hs2 86929998 86944998 22.88
hs2 86944998 86959998 23.83
hs2 86959998 86974998 24.78
hs2 86974998 86989998 25.73
hs2 86989998 87004998 26.68
hs2 87004998 87019998 27.63
hs2 87019998 87034998 28.59
hs2 87034998 87049998 29.54
hs2 87049998 87064998 30.49
hs2 87064998 87079998 31.44
hs2 87079998 87094998 32.39
hs2 87094998 87109998 33.34
hs2 87109998 87124998 34.29
hs2 87124998 87139998 35.24
hs2 87139998 87154998 36.20
hs2 87154998 87169998 37.15
hs2 87169998 87184998 38.10
hs2 87184998 87199999 39.05
hs2 87199999 87800001 40.00
hs2 87800001 87815001 39.05
hs2 87815001 87830001 38.10
hs2 87830001 87845001 37.15
hs2 87845001 87860001 36.20
hs2 87860001 87875001 35.24
hs2 87875001 87890001 34.29
hs2 87890001 87905001 33.34
hs2 87905001 87920001 32.39
hs2 87920001 87935001 31.44
hs2 87935001 87950001 30.49
hs2 87950001 87965001 29.54
hs2 87965001 87980001 28.59
hs2 87980001 87995001 27.63
hs2 87995001 88010001 26.68
hs2 88010001 88025001 25.73
hs2 88025001 88040001 24.78
hs2 88040001 88055001 23.83
hs2 88055001 88070001 22.88
hs2 88070001 88085001 21.93
hs2 88085001 88100001 20.98
hs2 88100001 88115001 20.02
hs2 88115001 88130001 19.07
hs2 88130001 88145001 18.12
hs2 88145001 88160001 17.17
hs2 88160001 88175001 16.22
hs2 88175001 88190001 15.27
hs2 88190001 88205001 14.32
hs2 88205001 88220001 13.37
hs2 88220001 88235001 12.41
hs2 88235001 88250001 11.46
hs2 88250001 88265001 10.51
hs2 88265001 88280001 9.56
hs2 88280001 88474998 9.34
hs2 88474998 88987498 9.56
hs2 88987498 89337498 9.78
hs2 89337498 89374998 10.51
hs2 89374998 89412498 11.46
hs2 89412498 89449998 12.41
hs2 89449998 89487498 13.37
hs2 89487498 89524998 14.32
hs2 89524998 89562498 15.27
hs2 89562498 89599998 16.22
hs2 89599998 89637498 17.17
hs2 89637498 89674998 18.12
hs2 89674998 89712498 19.07
hs2 89712498 89749998 20.02
hs2 89749998 89787498 20.98
hs2 89787498 89824998 21.93
hs2 89824998 89862498 22.88
hs2 89862498 89899998 23.83
hs2 89899998 89937498 24.78
hs2 89937498 89974998 25.73
hs2 89974998 90012498 26.68
hs2 90012498 90049998 27.63
hs2 90049998 90087498 28.59
hs2 90087498 90124998 29.54
hs2 90124998 90162498 30.49
hs2 90162498 90199998 31.44
hs2 90199998 90237498 32.39
hs2 90237498 90274998 33.34
hs2 90274998 90312498 34.29
hs2 90312498 90349998 35.24
hs2 90349998 90387498 36.20
hs2 90387498 90424998 37.15
hs2 90424998 90462498 38.10
hs2 90462498 90499999 39.05
hs2 90499999 92000001 40.00
hs2 92000001 92037501 39.05
hs2 92037501 92075001 38.10
hs2 92075001 92112501 37.15
hs2 92112501 92150001 36.20
hs2 92150001 92187501 35.24
hs2 92187501 92225001 34.29
hs2 92225001 92262501 33.34
hs2 92262501 92300001 32.39
hs2 92300001 92337501 31.44
hs2 92337501 92375001 30.49
hs2 92375001 92412501 29.54
hs2 92412501 92450001 28.59
hs2 92450001 92487501 27.63
hs2 92487501 92525001 26.68
hs2 92525001 92562501 25.73
hs2 92562501 92600001 24.78
hs2 92600001 92637501 23.83
hs2 92637501 92675001 22.88
hs2 92675001 92712501 21.93
hs2 92712501 92749998 20.98
hs2 92749998 92999999 0.04
hs2 92999999 103000001 0.02
hs2 103000001 103250001 0.04
hs2 103250001 103500001 0.07
hs2 103500001 103750001 0.09
hs2 103750001 107924998 10.00
hs2 107924998 107999998 10.27
hs2 107999998 108074998 10.73
hs2 108074998 108149998 11.20
hs2 108149998 108224998 11.66
hs2 108224998 108299998 12.12
hs2 108299998 108374998 12.59
hs2 108374998 108449998 13.05
hs2 108449998 108524998 13.51
hs2 108524998 108599998 13.98
hs2 108599998 108674998 14.44
hs2 108674998 108749998 14.90
hs2 108749998 108824998 15.37
hs2 108824998 108899998 15.83
hs2 108899998 108974998 16.29
hs2 108974998 109049998 16.76
hs2 109049998 109124998 17.22
hs2 109124998 109199998 17.68
hs2 109199998 109274998 18.15
hs2 109274998 109349998 18.61
hs2 109349998 109424998 19.07
hs2 109424998 109499999 19.54
hs2 109499999 112500001 20.00
hs2 112500001 112575001 19.54
hs2 112575001 112650001 19.07
hs2 112650001 112725001 18.61
hs2 112725001 112800001 18.15
hs2 112800001 112875001 17.68
hs2 112875001 112950001 17.22
hs2 112950001 113025001 16.76
hs2 113025001 113100001 16.29
hs2 113100001 113175001 15.83
hs2 113175001 113250001 15.37
hs2 113250001 113325001 14.90
hs2 113325001 113400001 14.44
hs2 113400001 113475001 13.98
hs2 113475001 113550001 13.51
hs2 113550001 113625001 13.05
hs2 113625001 113700001 12.59
hs2 113700001 113775001 12.12
hs2 113775001 113850001 11.66
hs2 113850001 113925001 11.20
hs2 113925001 114000001 10.73
hs2 114000001 114075001 10.27
hs2 114075001 114150001 9.80
hs2 114150001 114225001 9.34
hs2 114225001 114300001 8.88
hs2 114300001 114375001 8.41
hs2 114375001 114999999 0.12
hs2 114999999 240000001 0.10
hs2 240000001 242951149 0.12
