hs1 0 19999998 1.17
hs1 19999998 39999998 1.33
hs1 39999998 59999998 1.50
hs1 59999998 79999998 1.67
hs1 79999998 99999999 1.83
hs1 99999999 113999998 2.00
hs1 113999998 121999998 2.33
hs1 121999998 127999998 2.67
hs1 127999998 131999998 3.00
hs1 131999998 135999998 3.67
hs1 135999998 139999999 4.33
hs1 139999999 145599998 5.00
hs1 145599998 146399998 5.50
hs1 146399998 147199998 7.00
hs1 147199998 147999999 8.50
hs1 147999999 152000001 10.00
hs1 152000001 160000001 5.00
hs1 160000001 170000001 3.00
hs1 170000001 200000001 2.00
hs1 200000001 247249719 1.00
hs2 0 19999998 0.92
hs2 19999998 39999998 0.83
hs2 39999998 59999998 0.75
hs2 59999998 79999998 0.67
hs2 79999998 99999999 0.58
hs2 99999999 121999998 0.50
hs2 121999998 129999999 0.44
hs2 129999999 139999999 0.33
hs2 139999999 147999999 0.20
hs2 147999999 152000001 0.10
hs2 152000001 160000001 0.20
hs2 160000001 170000001 0.33
hs2 170000001 200000001 0.50
hs2 200000001 242951149 1.00
