hs1 0 99999994 1.00
hs1 99999994 104999994 0.93
hs1 104999994 109999995 0.85
hs1 109999995 109999997 0.78
hs1 109999997 110999997 1.82
hs1 110999997 111999997 2.64
hs1 111999997 112999997 3.45
hs1 112999997 113999997 4.27
hs1 113999997 114999998 5.09
hs1 114999998 115999998 5.91
hs1 115999998 116999998 6.73
hs1 116999998 117999998 7.55
hs1 117999998 118999998 8.36
hs1 118999998 119999999 9.18
hs1 119999999 125000001 10.00
hs1 125000001 126000001 9.18
hs1 126000001 127000001 8.36
hs1 127000001 128000001 7.55
hs1 128000001 129000001 6.73
hs1 129000001 130000002 5.91
hs1 130000002 131000002 5.09
hs1 131000002 132000002 4.27
hs1 132000002 133000002 3.45
hs1 133000002 134000002 2.64
hs1 134000002 134999997 0.49
hs1 134999997 139999998 0.42
hs1 139999998 144999998 0.35
hs1 144999998 149999999 0.27
hs1 149999999 160000001 0.20
hs1 160000001 165000001 0.27
hs1 165000001 170000002 0.35
hs1 170000002 175000002 0.42
hs1 175000002 180000003 0.49
hs1 180000003 185000003 0.56
hs1 185000003 190000004 0.64
hs1 190000004 195000004 0.71
hs1 195000004 200000005 0.78
hs1 200000005 205000005 0.85
hs1 205000005 210000006 0.93
hs1 210000006 247249719 1.00
hs2 0 999999 3.64
hs2 999999 1999999 3.91
hs2 1999999 2999999 4.18
hs2 2999999 3999999 4.45
hs2 3999999 4999999 4.73
hs2 4999999 10000001 5.00
hs2 10000001 11000001 4.73
hs2 11000001 12000001 4.45
hs2 12000001 13000001 4.18
hs2 13000001 14000001 3.91
hs2 14000001 15000001 3.64
hs2 15000001 16000001 3.36
hs2 16000001 17000001 3.09
hs2 17000001 18000001 2.82
hs2 18000001 19000001 2.55
hs2 19000001 20000001 2.27
hs2 20000001 40000000 2.00
hs2 59999999 60000001 1.83
hs2 60000001 61000001 1.75
hs2 61000001 62000001 1.67
hs2 62000001 63000001 1.58
hs2 63000001 64000001 1.50
hs2 64000001 65000001 1.42
hs2 65000001 66000001 1.33
hs2 66000001 67000001 1.25
hs2 67000001 68000001 1.17
hs2 68000001 69000001 1.08
hs2 69000001 69999999 1.00
hs2 69999999 70999999 0.92
hs2 70999999 71999999 0.83
hs2 71999999 72999999 0.75
hs2 72999999 73999999 0.67
hs2 73999999 74999999 0.58
hs2 74999999 75999999 0.50
hs2 75999999 76999999 0.42
hs2 76999999 77999999 0.33
hs2 77999999 82000001 0.25
hs2 82000001 83000001 0.33
hs2 83000001 84000001 0.42
hs2 84000001 85000001 0.50
hs2 85000001 86000001 0.58
hs2 86000001 87000001 0.67
hs2 87000001 88000001 0.75
hs2 88000001 89000001 0.83
hs2 89000001 90000001 0.92
hs2 90000001 90999999 1.00
hs2 90999999 91999999 1.08
hs2 91999999 92999999 1.17
hs2 92999999 93999999 1.25
hs2 93999999 94999999 1.33
hs2 94999999 95999999 1.42
hs2 95999999 96999999 1.50
hs2 96999999 97999999 1.58
hs2 97999999 98999999 1.67
hs2 98999999 99999999 1.75
hs2 150000000 242951149 0.50
hs3 0 9999999 1.00
hs3 9999999 12999999 0.92
hs3 12999999 15999999 0.83
hs3 15999999 18999999 0.75
hs3 18999999 21999999 0.67
hs3 21999999 24999999 0.58
hs3 24999999 67499999 0.50
hs3 67499999 67999999 2.64
hs3 67999999 68499999 3.45
hs3 68499999 68999999 4.27
hs3 68999999 69499999 5.09
hs3 69499999 69999999 5.91
hs3 69999999 70499999 6.73
hs3 70499999 70999999 7.55
hs3 70999999 71499999 8.36
hs3 71499999 71999999 9.18
hs3 71999999 73000001 10.00
hs3 73000001 73500001 9.18
hs3 73500001 74000001 8.36
hs3 74000001 74500001 7.55
hs3 74500001 75000001 6.73
hs3 75000001 75500001 5.91
hs3 75500001 76000001 5.09
hs3 76000001 76500001 4.27
hs3 76500001 77000001 3.45
hs3 77000001 77500001 2.64
hs3 77500001 150000001 0.50
hs3 150000001 153000001 0.58
hs3 153000001 156000001 0.67
hs3 156000001 159000001 0.75
hs3 159000001 162000001 0.83
hs3 162000001 165000001 0.92
hs3 165000001 199501827 1.00
