hs1 0 99999999 1.00
hs1 99999999 129999999 2.00
hs1 129999999 139999999 3.00
hs1 139999999 147999999 5.00
hs1 147999999 152000001 10.00
hs1 152000001 160000001 5.00
hs1 160000001 170000001 3.00
hs1 170000001 200000001 2.00
hs1 200000001 247249719 1.00
hs2 0 99999999 1.00
hs2 99999999 129999999 0.50
hs2 129999999 139999999 0.33
hs2 139999999 147999999 0.20
hs2 147999999 152000001 0.10
hs2 152000001 160000001 0.20
hs2 160000001 170000001 0.33
hs2 170000001 200000001 0.50
hs2 200000001 242951149 1.00
