hs1 0 109999997 1.00
hs1 109999997 110999997 1.82
hs1 110999997 111999997 2.64
hs1 111999997 112999997 3.45
hs1 112999997 113999997 4.27
hs1 113999997 114999998 5.09
hs1 114999998 115999998 5.91
hs1 115999998 116999998 6.73
hs1 116999998 117999998 7.55
hs1 117999998 118999998 8.36
hs1 118999998 119999999 9.18
hs1 119999999 125000001 10.00
hs1 125000001 126000001 9.18
hs1 126000001 127000001 8.36
hs1 127000001 128000001 7.55
hs1 128000001 129000001 6.73
hs1 129000001 130000002 5.91
hs1 130000002 131000002 5.09
hs1 131000002 132000002 4.27
hs1 132000002 133000002 3.45
hs1 133000002 134000002 2.64
hs1 134000002 135000003 1.82
hs1 135000003 247249719 1.00
hs2 0 69999989 1.00
hs2 69999989 79999991 0.85
hs2 79999991 89999993 0.70
hs2 89999993 99999995 0.55
hs2 99999995 109999997 0.40
hs2 109999997 119999999 0.25
hs2 119999999 125000001 0.10
hs2 125000001 135000003 0.25
hs2 135000003 145000005 0.40
hs2 145000005 155000007 0.55
hs2 155000007 165000009 0.70
hs2 165000009 175000011 0.85
hs2 175000011 242951149 1.00
