hs1 0 4999999 0.237788,0.291066,0.845814,0.152208,0.585537 
hs1 5000000 9999999 0.193475,0.810623,0.173531,0.484983,0.151863
hs1 10000000 14999999 0.366957,0.491736,0.910094,0.265257,0.893188
hs1 15000000 19999999 0.220351,0.631798,0.571077,0.332158,0.104455
hs1 20000000 24999999 0.502931,0.567394,0.854165,0.040141,0.108022
hs1 25000000 29999999 0.639396,0.013111,0.720184,0.101814,0.482945
hs1 30000000 34999999 0.254355,0.676697,0.896782,0.759896,0.720292
hs1 35000000 39999999 0.907623,0.928611,0.377663,0.899756,0.778880
hs1 40000000 44999999 0.324255,0.194231,0.995553,0.161296,0.708034
hs1 45000000 49999999 0.501519,0.936301,0.716323,0.105190,0.209205
hs1 50000000 54999999 0.559397,0.705432,0.078234,0.510530,0.196197
hs1 55000000 59999999 0.274211,0.638602,0.448208,0.039872,0.467251
hs1 60000000 64999999 0.077757,0.038100,0.160044,0.397832,0.688898
hs1 65000000 69999999 0.534712,0.686920,0.272457,0.465933,0.276555
hs1 70000000 74999999 0.450086,0.935069,0.086932,0.453889,0.945625
hs1 75000000 79999999 0.855719,0.120976,0.014164,0.234515,0.866313
hs1 80000000 84999999 0.437390,0.769548,0.874003,0.376934,0.944328
hs1 85000000 89999999 0.798493,0.838634,0.946656,0.586052,0.599163
hs1 90000000 94999999 0.319347,0.421162,0.904107,0.158462,0.835159
hs1 95000000 99999999 0.731942,0.491837,0.212129,0.119752,0.048363
hs1 100000000 104999999 0.426026,0.325782,0.104662,0.428916,0.623148
hs1 105000000 109999999 0.618700,0.779997,0.488031,0.989550,0.925851
hs1 110000000 114999999 0.642174,0.747365,0.956569,0.515966,0.221398
hs1 115000000 119999999 0.299632,0.810162,0.006359,0.280570,0.919172
hs1 120000000 124999999 0.367380,0.407252,0.874503,0.952260,0.990360
hs1 140000000 144999999 0.150404,0.548236,0.237134,0.771846,0.458766
hs1 145000000 149999999 0.731223,0.197155,0.473711,0.923797,0.858866
hs1 150000000 154999999 0.945798,0.399686,0.345312,0.201031,0.322008
hs1 155000000 159999999 0.336171,0.570686,0.437000,0.874390,0.643938
hs1 160000000 164999999 0.517941,0.894874,0.839202,0.637695,0.476329
hs1 165000000 169999999 0.422985,0.009036,0.608199,0.927547,0.348708
hs1 170000000 174999999 0.252815,0.411277,0.246436,0.978378,0.470215
hs1 175000000 179999999 0.682345,0.802097,0.850460,0.276486,0.602268
hs1 180000000 184999999 0.706930,0.135846,0.758994,0.377694,0.157691
hs1 185000000 189999999 0.645722,0.635273,0.561124,0.203298,0.950663
hs1 190000000 194999999 0.907232,0.423198,0.644596,0.944228,0.754390
hs1 195000000 199999999 0.760749,0.041319,0.960491,0.327871,0.735123
hs1 200000000 204999999 0.609626,0.561885,0.552245,0.702650,0.250886
hs1 205000000 209999999 0.488021,0.259866,0.718632,0.449855,0.647010
hs1 210000000 214999999 0.120721,0.044517,0.903383,0.849180,0.248867
hs1 215000000 219999999 0.594179,0.795210,0.117217,0.453389,0.024075
hs1 220000000 224999999 0.461075,0.335465,0.979403,0.497344,0.392218
hs1 225000000 229999999 0.231420,0.869115,0.345444,0.768428,0.777465
hs1 230000000 234999999 0.385664,0.313211,0.661919,0.914734,0.326011
hs1 235000000 239999999 0.572447,0.550825,0.021040,0.703384,0.505481
hs1 240000000 244999999 0.355941,0.632427,0.234695,0.941625,0.077472
hs1 245000000 249999999 0.836466,0.214160,0.371851,0.017574,0.652846
hs10 0 4999999 0.213970,0.417268,0.367931,0.275164,0.698362
hs10 5000000 9999999 0.342959,0.287187,0.041577,0.802325,0.843644
hs10 10000000 14999999 0.804135,0.132005,0.867128,0.476754,0.038639
hs10 15000000 19999999 0.590884,0.293534,0.544420,0.032441,0.292307
hs10 20000000 24999999 0.010939,0.460794,0.107803,0.228524,0.273041
hs10 25000000 29999999 0.176424,0.025604,0.274471,0.868650,0.663860
hs10 30000000 34999999 0.781077,0.234466,0.258542,0.719617,0.055081
hs10 35000000 39999999 0.034484,0.531828,0.924046,0.155466,0.024581
hs10 40000000 44999999 0.370025,0.138454,0.915918,0.301583,0.614793
hs10 45000000 49999999 0.276712,0.191446,0.517457,0.089903,0.640728
hs10 50000000 54999999 0.661768,0.365152,0.870633,0.226574,0.859001
hs10 55000000 59999999 0.093697,0.035322,0.112794,0.949259,0.163419
hs10 60000000 64999999 0.535270,0.552844,0.205690,0.419660,0.836928
hs10 65000000 69999999 0.204860,0.480023,0.178386,0.521344,0.808531
hs10 70000000 74999999 0.850107,0.652433,0.496077,0.300211,0.432217
hs10 75000000 79999999 0.299345,0.776098,0.814737,0.405621,0.699155
hs10 80000000 84999999 0.243576,0.276017,0.568324,0.579263,0.040057
hs10 85000000 89999999 0.147860,0.376384,0.649425,0.825849,0.851454
hs10 90000000 94999999 0.125925,0.994575,0.658435,0.439512,0.673979
hs10 95000000 99999999 0.932520,0.652137,0.707218,0.741702,0.273530
hs10 100000000 104999999 0.197576,0.353042,0.377624,0.747649,0.886102
hs10 105000000 109999999 0.802021,0.103603,0.718396,0.995109,0.186555
hs10 110000000 114999999 0.704011,0.793915,0.434643,0.096410,0.461562
hs10 115000000 119999999 0.332195,0.558769,0.417771,0.511468,0.546790
hs10 120000000 124999999 0.659583,0.608842,0.772261,0.307531,0.860375
hs10 125000000 129999999 0.066065,0.485725,0.322654,0.527513,0.007537
hs10 130000000 134999999 0.185922,0.707266,0.515797,0.365905,0.018337
hs10 135000000 139999999 0.514414,0.814625,0.246842,0.546186,0.322285
hs11 0 4999999 0.137021,0.542643,0.241798,0.485374,0.761391
hs11 5000000 9999999 0.329714,0.908977,0.949034,0.096894,0.473278
hs11 10000000 14999999 0.122703,0.948552,0.800006,0.925931,0.920506
hs11 15000000 19999999 0.578941,0.018453,0.692431,0.624952,0.277088
hs11 20000000 24999999 0.984306,0.726009,0.999539,0.197115,0.550158
hs11 25000000 29999999 0.927781,0.675430,0.561532,0.363553,0.467156
hs11 30000000 34999999 0.185553,0.180661,0.367216,0.071227,0.865142
hs11 35000000 39999999 0.299785,0.396195,0.857758,0.189953,0.748722
hs11 40000000 44999999 0.166493,0.677961,0.224750,0.884334,0.493176
hs11 45000000 49999999 0.265437,0.572969,0.433344,0.499409,0.985134
hs11 50000000 54999999 0.307788,0.835301,0.842838,0.028760,0.736027
hs11 55000000 59999999 0.251824,0.617729,0.636066,0.150480,0.965105
hs11 60000000 64999999 0.211947,0.758134,0.080418,0.217439,0.760082
hs11 65000000 69999999 0.001880,0.487254,0.248644,0.578359,0.487336
hs11 70000000 74999999 0.436370,0.533264,0.006542,0.129245,0.077797
hs11 75000000 79999999 0.877803,0.803734,0.724239,0.303180,0.321633
hs11 80000000 84999999 0.014064,0.639015,0.916104,0.900410,0.626419
hs11 85000000 89999999 0.625958,0.823073,0.373231,0.301012,0.976442
hs11 90000000 94999999 0.537974,0.901527,0.368683,0.554236,0.734897
hs11 95000000 99999999 0.102113,0.173340,0.038482,0.338267,0.734463
hs11 100000000 104999999 0.592220,0.782173,0.530895,0.697388,0.375349
hs11 105000000 109999999 0.600099,0.484433,0.977609,0.243046,0.816015
hs11 110000000 114999999 0.249359,0.748768,0.733903,0.041690,0.876991
hs11 115000000 119999999 0.719829,0.748589,0.484616,0.736440,0.354168
hs11 120000000 124999999 0.990234,0.140714,0.105820,0.317767,0.075900
hs11 125000000 129999999 0.156318,0.373758,0.133840,0.135720,0.622974
hs11 130000000 134999999 0.871618,0.449977,0.937314,0.373684,0.906948
hs12 0 4999999 0.913490,0.042735,0.120532,0.998335,0.802069
hs12 5000000 9999999 0.526308,0.829488,0.151120,0.165184,0.804200
hs12 10000000 14999999 0.720303,0.620713,0.247132,0.873090,0.696163
hs12 15000000 19999999 0.069394,0.370406,0.346848,0.884823,0.786350
hs12 20000000 24999999 0.155033,0.709269,0.444166,0.546278,0.719619
hs12 25000000 29999999 0.758101,0.096368,0.830831,0.423051,0.205224
hs12 30000000 34999999 0.736119,0.433507,0.808856,0.408955,0.893388
hs12 35000000 39999999 0.870997,0.114043,0.930059,0.179418,0.928186
hs12 40000000 44999999 0.662089,0.703779,0.580770,0.300599,0.049188
hs12 45000000 49999999 0.533804,0.270243,0.624412,0.614646,0.755361
hs12 50000000 54999999 0.861180,0.178947,0.254847,0.411165,0.784923
hs12 55000000 59999999 0.918763,0.054483,0.677457,0.549075,0.999052
hs12 60000000 64999999 0.936366,0.310050,0.216998,0.130488,0.173223
hs12 65000000 69999999 0.293755,0.292091,0.094159,0.620467,0.449955
hs12 70000000 74999999 0.601075,0.766260,0.570459,0.290762,0.911476
hs12 75000000 79999999 0.158607,0.031697,0.727860,0.797255,0.167661
hs12 80000000 84999999 0.514509,0.399332,0.185682,0.340714,0.049983
hs12 85000000 89999999 0.494148,0.040427,0.760046,0.518146,0.614515
hs12 90000000 94999999 0.445345,0.868396,0.073620,0.809739,0.243246
hs12 95000000 99999999 0.052102,0.461058,0.354446,0.225443,0.339486
hs12 100000000 104999999 0.269544,0.448962,0.377149,0.039237,0.743016
hs12 105000000 109999999 0.323786,0.624385,0.673573,0.207377,0.477620
hs12 110000000 114999999 0.102032,0.716678,0.472039,0.333219,0.512166
hs12 115000000 119999999 0.767013,0.178178,0.963101,0.881864,0.936346
hs12 120000000 124999999 0.613803,0.162878,0.161930,0.098296,0.408346
hs12 125000000 129999999 0.625344,0.755832,0.929055,0.222810,0.514901
hs12 130000000 134999999 0.609060,0.229527,0.679482,0.280558,0.046817
hs13 15000000 19999999 0.617277,0.908039,0.819515,0.978122,0.009819
hs13 20000000 24999999 0.737680,0.534935,0.702595,0.217105,0.616437
hs13 25000000 29999999 0.802118,0.142832,0.192815,0.686964,0.727391
hs13 30000000 34999999 0.487436,0.005583,0.620097,0.065443,0.933839
hs13 35000000 39999999 0.007459,0.817198,0.060444,0.112546,0.573604
hs13 40000000 44999999 0.928050,0.153492,0.492978,0.762523,0.211485
hs13 45000000 49999999 0.588633,0.627871,0.370887,0.694673,0.319058
hs13 50000000 54999999 0.992631,0.200008,0.677629,0.779661,0.496339
hs13 55000000 59999999 0.968379,0.301598,0.813764,0.580777,0.758955
hs13 60000000 64999999 0.722056,0.603919,0.540266,0.154068,0.316946
hs13 65000000 69999999 0.478876,0.577172,0.985518,0.610861,0.366693
hs13 70000000 74999999 0.295748,0.518558,0.033458,0.642518,0.872045
hs13 75000000 79999999 0.551528,0.832086,0.878903,0.496179,0.404218
hs13 80000000 84999999 0.223733,0.201855,0.211675,0.949354,0.484289
hs13 85000000 89999999 0.186884,0.403989,0.020426,0.822544,0.965376
hs13 90000000 94999999 0.158192,0.845156,0.572546,0.059983,0.065566
hs13 95000000 99999999 0.685663,0.751106,0.684945,0.692404,0.509601
hs13 100000000 104999999 0.570045,0.682592,0.256196,0.184245,0.337737
hs13 105000000 109999999 0.830716,0.593238,0.804723,0.393356,0.021227
hs13 110000000 114999999 0.392114,0.086787,0.405845,0.398476,0.598485
hs14 15000000 19999999 0.276114,0.055775,0.552114,0.520493,0.822090
hs14 20000000 24999999 0.635854,0.216631,0.975586,0.697641,0.301561
hs14 25000000 29999999 0.841826,0.995895,0.312841,0.791717,0.368889
hs14 30000000 34999999 0.354407,0.965268,0.331961,0.627708,0.146266
hs14 35000000 39999999 0.179724,0.822242,0.694288,0.245815,0.077901
hs14 40000000 44999999 0.956804,0.452983,0.857202,0.080935,0.282790
hs14 45000000 49999999 0.494465,0.443819,0.928108,0.114992,0.518981
hs14 50000000 54999999 0.539407,0.361950,0.327327,0.485518,0.330674
hs14 55000000 59999999 0.903220,0.963203,0.028769,0.714432,0.465537
hs14 60000000 64999999 0.150482,0.842886,0.352487,0.922533,0.605125
hs14 65000000 69999999 0.861320,0.045566,0.383303,0.214019,0.807257
hs14 70000000 74999999 0.611980,0.005336,0.026563,0.418677,0.505464
hs14 75000000 79999999 0.911309,0.309786,0.908270,0.184384,0.240159
hs14 80000000 84999999 0.792273,0.312765,0.134856,0.770710,0.987341
hs14 85000000 89999999 0.962927,0.660568,0.962129,0.803955,0.799850
hs14 90000000 94999999 0.112691,0.904408,0.273297,0.627704,0.592972
hs14 95000000 99999999 0.924933,0.552641,0.698907,0.878632,0.700874
hs14 100000000 104999999 0.395162,0.640977,0.718878,0.675682,0.128665
hs14 105000000 109999999 0.985867,0.066802,0.349592,0.844057,0.287876
hs15 15000000 19999999 0.215983,0.330976,0.849957,0.389364,0.751314
hs15 20000000 24999999 0.078641,0.564159,0.894833,0.798053,0.761256
hs15 25000000 29999999 0.790024,0.504456,0.969993,0.120476,0.963362
hs15 30000000 34999999 0.315849,0.238382,0.843506,0.704827,0.750392
hs15 35000000 39999999 0.133695,0.347714,0.154971,0.766950,0.772287
hs15 40000000 44999999 0.798850,0.217527,0.722991,0.634300,0.944086
hs15 45000000 49999999 0.852356,0.036740,0.276899,0.069172,0.381937
hs15 50000000 54999999 0.516793,0.287503,0.274844,0.237771,0.898339
hs15 55000000 59999999 0.860468,0.664423,0.464273,0.576964,0.481372
hs15 60000000 64999999 0.754669,0.382373,0.975346,0.900279,0.452920
hs15 65000000 69999999 0.151828,0.030459,0.731333,0.126495,0.767472
hs15 70000000 74999999 0.486350,0.162032,0.290697,0.276564,0.343366
hs15 75000000 79999999 0.692958,0.537015,0.824891,0.040874,0.371850
hs15 80000000 84999999 0.221807,0.611170,0.362485,0.441126,0.005285
hs15 85000000 89999999 0.900117,0.698170,0.459426,0.249450,0.753906
hs15 90000000 94999999 0.723900,0.844376,0.807737,0.123586,0.361968
hs15 95000000 99999999 0.205474,0.910300,0.660693,0.794388,0.142101
hs15 100000000 104999999 0.297072,0.064022,0.836309,0.635159,0.852686
hs16 0 4999999 0.575677,0.209977,0.154063,0.006419,0.043159
hs16 5000000 9999999 0.320058,0.389230,0.771167,0.287961,0.575464
hs16 10000000 14999999 0.850308,0.088078,0.986417,0.846884,0.511307
hs16 15000000 19999999 0.975580,0.552544,0.033917,0.788586,0.170959
hs16 20000000 24999999 0.146305,0.046584,0.499504,0.651331,0.681790
hs16 25000000 29999999 0.413123,0.539618,0.307090,0.793440,0.955472
hs16 30000000 34999999 0.246170,0.522734,0.866101,0.559059,0.096074
hs16 45000000 49999999 0.920965,0.961839,0.333688,0.555495,0.166665
hs16 50000000 54999999 0.529150,0.970276,0.975560,0.875677,0.573848
hs16 55000000 59999999 0.033274,0.282724,0.036631,0.760530,0.604906
hs16 60000000 64999999 0.412643,0.536229,0.898197,0.103671,0.013972
hs16 65000000 69999999 0.674664,0.469052,0.611153,0.908225,0.972247
hs16 70000000 74999999 0.808556,0.443715,0.296401,0.872078,0.082055
hs16 75000000 79999999 0.236118,0.242537,0.285696,0.605754,0.994984
hs16 80000000 84999999 0.766152,0.054112,0.629576,0.479884,0.567962
hs16 85000000 89999999 0.554379,0.401263,0.912571,0.888151,0.440695
hs17 0 4999999 0.474612,0.263198,0.434157,0.580462,0.627046
hs17 5000000 9999999 0.126549,0.777880,0.459671,0.872794,0.412412
hs17 10000000 14999999 0.719503,0.512943,0.468416,0.714585,0.237320
hs17 15000000 19999999 0.103421,0.662480,0.758554,0.679519,0.641358
hs17 20000000 24999999 0.975046,0.530541,0.697206,0.226356,0.196632
hs17 25000000 29999999 0.172192,0.047870,0.621717,0.654991,0.937715
hs17 30000000 34999999 0.974346,0.734876,0.339782,0.752426,0.288655
hs17 35000000 39999999 0.186852,0.290523,0.304494,0.979159,0.448210
hs17 40000000 44999999 0.059364,0.967589,0.939836,0.748393,0.192108
hs17 45000000 49999999 0.488509,0.360586,0.442641,0.678759,0.921295
hs17 50000000 54999999 0.206991,0.812746,0.807730,0.573882,0.627994
hs17 55000000 59999999 0.257570,0.737454,0.305416,0.859795,0.261059
hs17 60000000 64999999 0.173629,0.061780,0.502476,0.977088,0.240285
hs17 65000000 69999999 0.674443,0.254905,0.881951,0.008500,0.786381
hs17 70000000 74999999 0.246051,0.118845,0.531258,0.250760,0.763703
hs17 75000000 79999999 0.232119,0.946704,0.184024,0.287444,0.949924
hs18 0 4999999 0.708479,0.387998,0.029355,0.004401,0.534943
hs18 5000000 9999999 0.232149,0.458505,0.655137,0.827329,0.875199
hs18 10000000 14999999 0.496916,0.151907,0.089622,0.063968,0.798844
hs18 15000000 19999999 0.138627,0.891052,0.179707,0.366559,0.657082
hs18 20000000 24999999 0.961576,0.940735,0.388945,0.448309,0.415897
hs18 25000000 29999999 0.355734,0.104126,0.296234,0.784742,0.145329
hs18 30000000 34999999 0.587970,0.266728,0.188023,0.395014,0.207760
hs18 35000000 39999999 0.015490,0.589372,0.217366,0.474937,0.212391
hs18 40000000 44999999 0.517807,0.377603,0.638661,0.812291,0.874071
hs18 45000000 49999999 0.376547,0.353634,0.593920,0.268363,0.523268
hs18 50000000 54999999 0.405219,0.413719,0.200099,0.446150,0.564996
hs18 55000000 59999999 0.096253,0.347013,0.110717,0.342836,0.289540
hs18 60000000 64999999 0.473564,0.761008,0.710933,0.419411,0.807409
hs18 65000000 69999999 0.836764,0.841165,0.376108,0.608257,0.066762
hs18 70000000 74999999 0.721899,0.549229,0.424428,0.921344,0.073251
hs18 75000000 79999999 0.162874,0.226842,0.025686,0.164313,0.055365
hs19 0 4999999 0.235072,0.601631,0.258713,0.220289,0.161024
hs19 5000000 9999999 0.549969,0.998278,0.414176,0.769909,0.874035
hs19 10000000 14999999 0.170269,0.955011,0.100340,0.688309,0.955038
hs19 15000000 19999999 0.143061,0.538075,0.745835,0.761326,0.350698
hs19 20000000 24999999 0.568064,0.043001,0.255392,0.773199,0.150802
hs19 30000000 34999999 0.789463,0.601754,0.475825,0.852372,0.206006
hs19 35000000 39999999 0.799926,0.068289,0.591557,0.996775,0.410494
hs19 40000000 44999999 0.610593,0.056744,0.621740,0.717993,0.065006
hs19 45000000 49999999 0.175723,0.518559,0.808098,0.281662,0.042670
hs19 50000000 54999999 0.753603,0.173014,0.980423,0.817186,0.658352
hs19 55000000 59999999 0.034460,0.642716,0.709478,0.431378,0.980606
hs19 60000000 64999999 0.405034,0.326378,0.399629,0.562503,0.789345
hs2 0 4999999 0.815031,0.979344,0.034709,0.269782,0.871413
hs2 5000000 9999999 0.130126,0.350415,0.511439,0.061408,0.059687
hs2 10000000 14999999 0.473862,0.243771,0.117807,0.288076,0.243087
hs2 15000000 19999999 0.343427,0.031737,0.986774,0.129835,0.667910
hs2 20000000 24999999 0.413746,0.175071,0.525769,0.093833,0.136834
hs2 25000000 29999999 0.392226,0.165425,0.316227,0.105691,0.707445
hs2 30000000 34999999 0.183270,0.035642,0.241648,0.041574,0.109863
hs2 35000000 39999999 0.701420,0.698196,0.108690,0.719283,0.776027
hs2 40000000 44999999 0.397767,0.115760,0.180766,0.356489,0.875048
hs2 45000000 49999999 0.683146,0.964808,0.007479,0.761082,0.934096
hs2 50000000 54999999 0.914518,0.731705,0.390056,0.424516,0.067232
hs2 55000000 59999999 0.776710,0.208088,0.188694,0.593729,0.920107
hs2 60000000 64999999 0.319736,0.882239,0.671584,0.486615,0.465959
hs2 65000000 69999999 0.500669,0.770450,0.641863,0.771988,0.122403
hs2 70000000 74999999 0.633842,0.695251,0.754937,0.228799,0.472571
hs2 75000000 79999999 0.590377,0.878453,0.121540,0.464967,0.496704
hs2 80000000 84999999 0.483478,0.613313,0.281223,0.694968,0.870039
hs2 85000000 89999999 0.395808,0.489641,0.626475,0.018701,0.184127
hs2 90000000 94999999 0.500354,0.606045,0.313489,0.496759,0.532400
hs2 95000000 99999999 0.774048,0.815623,0.925486,0.626907,0.325102
hs2 100000000 104999999 0.433792,0.153076,0.929103,0.326870,0.442630
hs2 105000000 109999999 0.623396,0.979886,0.854933,0.538080,0.502888
hs2 110000000 114999999 0.510367,0.271448,0.205544,0.120062,0.851767
hs2 115000000 119999999 0.241824,0.666340,0.733572,0.510282,0.718370
hs2 120000000 124999999 0.907065,0.500793,0.420900,0.740636,0.622874
hs2 125000000 129999999 0.294458,0.781073,0.247033,0.747701,0.518152
hs2 130000000 134999999 0.160015,0.932003,0.054406,0.688248,0.383499
hs2 135000000 139999999 0.138436,0.367235,0.839806,0.430183,0.308636
hs2 140000000 144999999 0.430176,0.895143,0.391847,0.875325,0.488638
hs2 145000000 149999999 0.769861,0.464829,0.334868,0.730677,0.220318
hs2 150000000 154999999 0.846793,0.865494,0.049621,0.549975,0.156019
hs2 155000000 159999999 0.469508,0.966267,0.498668,0.272716,0.088339
hs2 160000000 164999999 0.013825,0.640732,0.965834,0.399627,0.552703
hs2 165000000 169999999 0.481806,0.808677,0.251307,0.874703,0.854589
hs2 170000000 174999999 0.709522,0.247602,0.750490,0.260857,0.532305
hs2 175000000 179999999 0.737849,0.857911,0.709678,0.951502,0.617841
hs2 180000000 184999999 0.351413,0.861695,0.580066,0.487130,0.987924
hs2 185000000 189999999 0.408823,0.149459,0.772333,0.066792,0.847865
hs2 190000000 194999999 0.094898,0.842599,0.360751,0.520766,0.452768
hs2 195000000 199999999 0.507175,0.195423,0.578922,0.717358,0.084593
hs2 200000000 204999999 0.924399,0.354582,0.663217,0.093393,0.988537
hs2 205000000 209999999 0.380384,0.255709,0.744347,0.514207,0.979036
hs2 210000000 214999999 0.313905,0.044581,0.264899,0.111692,0.977186
hs2 215000000 219999999 0.026807,0.576781,0.732800,0.202309,0.168576
hs2 220000000 224999999 0.667243,0.939959,0.028298,0.042123,0.682855
hs2 225000000 229999999 0.648690,0.048317,0.601020,0.082826,0.891503
hs2 230000000 234999999 0.142810,0.017513,0.872102,0.581624,0.829226
hs2 235000000 239999999 0.579716,0.840572,0.372877,0.110726,0.968638
hs2 240000000 244999999 0.678316,0.629818,0.247659,0.599073,0.460768
hs20 0 4999999 0.040834,0.527964,0.515888,0.924711,0.074170
hs20 5000000 9999999 0.846503,0.913295,0.761160,0.856058,0.698657
hs20 10000000 14999999 0.059408,0.580173,0.032942,0.540117,0.735539
hs20 15000000 19999999 0.314461,0.031819,0.116412,0.040811,0.395392
hs20 20000000 24999999 0.058610,0.152003,0.140540,0.520924,0.776633
hs20 25000000 29999999 0.520979,0.035186,0.014223,0.328127,0.372709
hs20 30000000 34999999 0.637608,0.749300,0.726486,0.753293,0.330074
hs20 35000000 39999999 0.062874,0.265183,0.433759,0.101002,0.040961
hs20 40000000 44999999 0.069259,0.111383,0.794238,0.442928,0.491245
hs20 45000000 49999999 0.092265,0.175091,0.066593,0.209403,0.226916
hs20 50000000 54999999 0.099018,0.680642,0.509868,0.089583,0.930156
hs20 55000000 59999999 0.303033,0.413759,0.382397,0.060713,0.690530
hs20 60000000 64999999 0.938190,0.537262,0.998030,0.038864,0.566828
hs21 5000000 9999999 0.082716,0.007427,0.081597,0.928100,0.841395
hs21 10000000 14999999 0.602555,0.458613,0.157270,0.216677,0.796851
hs21 15000000 19999999 0.829793,0.369909,0.105449,0.419910,0.451729
hs21 20000000 24999999 0.568141,0.608952,0.004345,0.062955,0.214958
hs21 25000000 29999999 0.355498,0.876422,0.653055,0.174034,0.209221
hs21 30000000 34999999 0.223443,0.551571,0.924279,0.561887,0.311187
hs21 35000000 39999999 0.037674,0.790966,0.121040,0.183915,0.449098
hs21 40000000 44999999 0.882857,0.983858,0.024820,0.094079,0.205462
hs21 45000000 49999999 0.999700,0.442628,0.933873,0.026138,0.201229
hs22 15000000 19999999 0.267822,0.477225,0.704141,0.803159,0.483800
hs22 20000000 24999999 0.993668,0.083251,0.013407,0.316440,0.730199
hs22 25000000 29999999 0.112595,0.173308,0.863838,0.802028,0.339291
hs22 30000000 34999999 0.337321,0.376185,0.943014,0.025729,0.033156
hs22 35000000 39999999 0.114753,0.042852,0.884247,0.486802,0.945415
hs22 40000000 44999999 0.102684,0.319361,0.116212,0.946005,0.315915
hs22 45000000 49999999 0.421364,0.841274,0.293003,0.861145,0.470097
hs3 0 4999999 0.474442,0.537396,0.752354,0.107852,0.984274
hs3 5000000 9999999 0.637329,0.811363,0.020584,0.244027,0.795597
hs3 10000000 14999999 0.719877,0.281764,0.592952,0.630625,0.421592
hs3 15000000 19999999 0.542632,0.726547,0.175645,0.058501,0.042360
hs3 20000000 24999999 0.067179,0.161258,0.366720,0.366420,0.809049
hs3 25000000 29999999 0.742922,0.769060,0.970288,0.238110,0.715335
hs3 30000000 34999999 0.419476,0.222634,0.706435,0.700103,0.783354
hs3 35000000 39999999 0.796761,0.113201,0.843400,0.955996,0.129304
hs3 40000000 44999999 0.993142,0.795171,0.134461,0.471783,0.847968
hs3 45000000 49999999 0.790982,0.816711,0.849867,0.964620,0.007472
hs3 50000000 54999999 0.891720,0.378521,0.323936,0.426620,0.745981
hs3 55000000 59999999 0.862194,0.808199,0.124114,0.545477,0.386751
hs3 60000000 64999999 0.679754,0.540899,0.010996,0.485437,0.022833
hs3 65000000 69999999 0.775188,0.883040,0.867314,0.504643,0.316006
hs3 70000000 74999999 0.336589,0.580616,0.376214,0.096090,0.377855
hs3 75000000 79999999 0.970806,0.601431,0.023023,0.565655,0.292202
hs3 80000000 84999999 0.467847,0.526348,0.568708,0.635888,0.797146
hs3 85000000 89999999 0.163866,0.530287,0.339335,0.082257,0.851317
hs3 90000000 94999999 0.821605,0.059715,0.775050,0.194526,0.417160
hs3 95000000 99999999 0.123595,0.823698,0.607052,0.403813,0.517015
hs3 100000000 104999999 0.360415,0.316410,0.445714,0.438856,0.234027
hs3 105000000 109999999 0.368488,0.840271,0.688239,0.479221,0.295932
hs3 110000000 114999999 0.145799,0.110419,0.117891,0.009611,0.388132
hs3 115000000 119999999 0.712068,0.138688,0.884670,0.746864,0.555063
hs3 120000000 124999999 0.679177,0.224654,0.611405,0.291159,0.832058
hs3 125000000 129999999 0.843054,0.328491,0.351324,0.126512,0.009552
hs3 130000000 134999999 0.876866,0.381508,0.697514,0.034104,0.614720
hs3 135000000 139999999 0.990934,0.087024,0.464878,0.435685,0.037116
hs3 140000000 144999999 0.060139,0.625794,0.917996,0.385843,0.912192
hs3 145000000 149999999 0.480900,0.116787,0.913933,0.077800,0.608087
hs3 150000000 154999999 0.947422,0.029680,0.880996,0.702601,0.762317
hs3 155000000 159999999 0.537367,0.731892,0.149053,0.272648,0.096345
hs3 160000000 164999999 0.703397,0.107211,0.624225,0.984640,0.301050
hs3 165000000 169999999 0.746764,0.185621,0.419648,0.788136,0.628406
hs3 170000000 174999999 0.316645,0.795866,0.091798,0.237597,0.348017
hs3 175000000 179999999 0.465908,0.475519,0.863651,0.575720,0.714408
hs3 180000000 184999999 0.599078,0.345942,0.901005,0.580181,0.804835
hs3 185000000 189999999 0.416240,0.707400,0.539458,0.382511,0.711002
hs3 190000000 194999999 0.062327,0.188839,0.198391,0.075256,0.456765
hs3 195000000 199999999 0.154279,0.188383,0.803103,0.794036,0.881060
hs4 0 4999999 0.345939,0.781623,0.818739,0.878878,0.504672
hs4 5000000 9999999 0.422669,0.808512,0.720703,0.201603,0.318391
hs4 10000000 14999999 0.232324,0.310124,0.918211,0.865633,0.895313
hs4 15000000 19999999 0.776309,0.478910,0.241227,0.778594,0.510486
hs4 20000000 24999999 0.659539,0.932186,0.028532,0.731929,0.839140
hs4 25000000 29999999 0.463365,0.448005,0.749055,0.495820,0.681440
hs4 30000000 34999999 0.101088,0.889223,0.517630,0.834275,0.630142
hs4 35000000 39999999 0.721940,0.959537,0.307554,0.773462,0.248981
hs4 40000000 44999999 0.112632,0.688352,0.402760,0.001838,0.347780
hs4 45000000 49999999 0.248784,0.828966,0.633801,0.050042,0.757441
hs4 50000000 54999999 0.296899,0.679411,0.390413,0.452740,0.641579
hs4 55000000 59999999 0.839969,0.915226,0.371991,0.526270,0.714653
hs4 60000000 64999999 0.517755,0.311792,0.192852,0.538791,0.320414
hs4 65000000 69999999 0.139153,0.018031,0.522704,0.945372,0.753884
hs4 70000000 74999999 0.474587,0.676191,0.994581,0.226905,0.537029
hs4 75000000 79999999 0.455240,0.320873,0.216186,0.992495,0.471405
hs4 80000000 84999999 0.712632,0.491226,0.001712,0.661251,0.593437
hs4 85000000 89999999 0.621969,0.353898,0.193037,0.656402,0.104407
hs4 90000000 94999999 0.853462,0.349281,0.030722,0.131809,0.021033
hs4 95000000 99999999 0.538663,0.372938,0.003080,0.725019,0.684557
hs4 100000000 104999999 0.992111,0.765572,0.014553,0.127185,0.815537
hs4 105000000 109999999 0.218296,0.220134,0.567914,0.816698,0.645664
hs4 110000000 114999999 0.279465,0.329507,0.086948,0.383848,0.063258
hs4 115000000 119999999 0.453671,0.906411,0.547990,0.387959,0.303185
hs4 120000000 124999999 0.675175,0.201445,0.916098,0.433853,0.745645
hs4 125000000 129999999 0.938496,0.477287,0.797701,0.936854,0.954885
hs4 130000000 134999999 0.477589,0.422961,0.176845,0.651433,0.327623
hs4 135000000 139999999 0.322205,0.549110,0.086140,0.541380,0.862253
hs4 140000000 144999999 0.078439,0.070934,0.542340,0.254972,0.746198
hs4 145000000 149999999 0.747910,0.409161,0.002598,0.624567,0.978465
hs4 150000000 154999999 0.171502,0.827904,0.932311,0.785773,0.135054
hs4 155000000 159999999 0.165776,0.297585,0.318618,0.857281,0.230219
hs4 160000000 164999999 0.233299,0.958318,0.642875,0.634986,0.400558
hs4 165000000 169999999 0.415111,0.542296,0.357833,0.576129,0.796263
hs4 170000000 174999999 0.364176,0.180874,0.826538,0.106003,0.435510
hs4 175000000 179999999 0.522459,0.906306,0.969564,0.423235,0.329646
hs4 180000000 184999999 0.877636,0.265595,0.568780,0.243956,0.445401
hs4 185000000 189999999 0.361498,0.795352,0.540996,0.479493,0.956780
hs4 190000000 194999999 0.754480,0.691334,0.646220,0.123809,0.546770
hs5 0 4999999 0.723615,0.375048,0.702671,0.024876,0.573986
hs5 5000000 9999999 0.660126,0.201506,0.063759,0.142198,0.213133
hs5 10000000 14999999 0.755473,0.010445,0.756643,0.504553,0.913714
hs5 15000000 19999999 0.916313,0.540879,0.519344,0.690846,0.518750
hs5 20000000 24999999 0.451061,0.236834,0.371888,0.537664,0.835249
hs5 25000000 29999999 0.153868,0.011149,0.241368,0.474667,0.432985
hs5 30000000 34999999 0.075860,0.710846,0.111404,0.526515,0.068811
hs5 35000000 39999999 0.426644,0.002773,0.799036,0.163212,0.344087
hs5 40000000 44999999 0.170625,0.276628,0.712139,0.234597,0.140904
hs5 45000000 49999999 0.110468,0.533703,0.863349,0.740985,0.006580
hs5 50000000 54999999 0.575361,0.819316,0.264717,0.626215,0.421567
hs5 55000000 59999999 0.962563,0.442056,0.398835,0.153316,0.844650
hs5 60000000 64999999 0.490870,0.614678,0.161448,0.885063,0.260111
hs5 65000000 69999999 0.962782,0.987658,0.561644,0.221770,0.423275
hs5 70000000 74999999 0.487035,0.629233,0.842366,0.597839,0.608283
hs5 75000000 79999999 0.364926,0.869480,0.783194,0.699507,0.240386
hs5 80000000 84999999 0.759730,0.450576,0.969326,0.420387,0.657221
hs5 85000000 89999999 0.029109,0.566773,0.402023,0.555891,0.567039
hs5 90000000 94999999 0.808407,0.283074,0.716059,0.791919,0.502765
hs5 95000000 99999999 0.614169,0.140685,0.209496,0.636140,0.638913
hs5 100000000 104999999 0.437948,0.601161,0.945247,0.115872,0.392501
hs5 105000000 109999999 0.104639,0.339237,0.480140,0.590608,0.124311
hs5 110000000 114999999 0.987660,0.728646,0.735226,0.310587,0.129903
hs5 115000000 119999999 0.394620,0.020835,0.442402,0.404965,0.847020
hs5 120000000 124999999 0.245855,0.399171,0.243821,0.734691,0.349369
hs5 125000000 129999999 0.510818,0.395881,0.655992,0.618774,0.606432
hs5 130000000 134999999 0.168076,0.389846,0.813121,0.300156,0.929389
hs5 135000000 139999999 0.771755,0.369593,0.977877,0.342803,0.212283
hs5 140000000 144999999 0.995477,0.694984,0.935370,0.695100,0.145676
hs5 145000000 149999999 0.115003,0.535390,0.192611,0.221721,0.788494
hs5 150000000 154999999 0.190517,0.746407,0.313447,0.121854,0.404928
hs5 155000000 159999999 0.120987,0.912907,0.415672,0.029841,0.170526
hs5 160000000 164999999 0.380022,0.016161,0.655074,0.093022,0.694183
hs5 165000000 169999999 0.639430,0.755302,0.147803,0.252442,0.591679
hs5 170000000 174999999 0.071819,0.662427,0.786738,0.774398,0.503044
hs5 175000000 179999999 0.238270,0.548857,0.678760,0.073379,0.094214
hs5 180000000 184999999 0.536616,0.941580,0.788601,0.034456,0.433627
hs5_h2_hap1 0 4999999 0.677448,0.412139,0.761508,0.272326,0.668207
hs6 0 4999999 0.324199,0.942973,0.549405,0.717481,0.107327
hs6 5000000 9999999 0.920448,0.220604,0.149993,0.921747,0.291341
hs6 10000000 14999999 0.269217,0.612020,0.824303,0.819780,0.514764
hs6 15000000 19999999 0.450133,0.145233,0.290910,0.405912,0.941302
hs6 20000000 24999999 0.133914,0.355634,0.144128,0.334645,0.081052
hs6 25000000 29999999 0.394499,0.516353,0.921281,0.042268,0.955175
hs6 30000000 34999999 0.370847,0.400688,0.571214,0.951235,0.967396
hs6 35000000 39999999 0.622470,0.715492,0.409675,0.049104,0.804406
hs6 40000000 44999999 0.952209,0.204651,0.796329,0.868148,0.530575
hs6 45000000 49999999 0.317313,0.091712,0.594756,0.833026,0.381883
hs6 50000000 54999999 0.060642,0.134021,0.228235,0.764851,0.706431
hs6 55000000 59999999 0.495032,0.529488,0.963115,0.640563,0.052702
hs6 60000000 64999999 0.814211,0.086537,0.754744,0.078943,0.021916
hs6 65000000 69999999 0.571321,0.288802,0.396129,0.316577,0.537181
hs6 70000000 74999999 0.687173,0.608921,0.900261,0.169479,0.781499
hs6 75000000 79999999 0.605802,0.425582,0.940346,0.390479,0.535712
hs6 80000000 84999999 0.826622,0.232534,0.173836,0.307750,0.663384
hs6 85000000 89999999 0.807512,0.142157,0.223209,0.617709,0.134062
hs6 90000000 94999999 0.055343,0.097611,0.052785,0.423632,0.824320
hs6 95000000 99999999 0.395533,0.346768,0.314164,0.936634,0.652126
hs6 100000000 104999999 0.061801,0.110905,0.915311,0.867520,0.072171
hs6 105000000 109999999 0.868500,0.736648,0.267224,0.584537,0.676248
hs6 110000000 114999999 0.271004,0.104030,0.485913,0.546555,0.680576
hs6 115000000 119999999 0.908812,0.673662,0.380093,0.875125,0.404613
hs6 120000000 124999999 0.367728,0.008291,0.060993,0.875203,0.961740
hs6 125000000 129999999 0.716484,0.795427,0.817343,0.388664,0.677467
hs6 130000000 134999999 0.073596,0.390173,0.927354,0.614527,0.223448
hs6 135000000 139999999 0.123709,0.293188,0.074687,0.680489,0.106071
hs6 140000000 144999999 0.046416,0.436895,0.972607,0.799229,0.031763
hs6 145000000 149999999 0.205599,0.513348,0.176732,0.984244,0.126401
hs6 150000000 154999999 0.349610,0.967319,0.101381,0.156723,0.254334
hs6 155000000 159999999 0.307119,0.730751,0.555071,0.950604,0.297372
hs6 160000000 164999999 0.611536,0.548170,0.200297,0.262098,0.373003
hs6 165000000 169999999 0.288314,0.155834,0.228005,0.096505,0.833153
hs6 170000000 174999999 0.100377,0.684913,0.361162,0.632166,0.736196
hs6_cox_hap1 0 4999999 0.222109,0.768664,0.449240,0.358052,0.031714
hs6_qbl_hap2 0 4999999 0.411808,0.286933,0.691546,0.059273,0.067564
hs7 0 4999999 0.128557,0.003760,0.965500,0.681984,0.477411
hs7 5000000 9999999 0.294754,0.683418,0.360885,0.434481,0.824653
hs7 10000000 14999999 0.752007,0.366534,0.589981,0.713690,0.006878
hs7 15000000 19999999 0.081564,0.762053,0.868124,0.914541,0.351436
hs7 20000000 24999999 0.324043,0.123273,0.155035,0.360634,0.873983
hs7 25000000 29999999 0.050715,0.034959,0.161360,0.510970,0.478289
hs7 30000000 34999999 0.579670,0.736393,0.990727,0.297846,0.028597
hs7 35000000 39999999 0.583668,0.534271,0.831643,0.443179,0.991349
hs7 40000000 44999999 0.191646,0.453744,0.826747,0.115061,0.270895
hs7 45000000 49999999 0.498900,0.595405,0.428558,0.528934,0.213848
hs7 50000000 54999999 0.575010,0.207176,0.943372,0.165481,0.934145
hs7 55000000 59999999 0.383385,0.741437,0.773151,0.184959,0.471891
hs7 60000000 64999999 0.163437,0.222710,0.290274,0.418830,0.422590
hs7 65000000 69999999 0.388090,0.070074,0.547485,0.842239,0.525658
hs7 70000000 74999999 0.886542,0.321023,0.145677,0.897684,0.264217
hs7 75000000 79999999 0.854199,0.567889,0.574767,0.656331,0.418385
hs7 80000000 84999999 0.286509,0.201049,0.552485,0.876529,0.999801
hs7 85000000 89999999 0.154836,0.515471,0.389453,0.440168,0.475127
hs7 90000000 94999999 0.636487,0.147457,0.625746,0.205416,0.941809
hs7 95000000 99999999 0.932536,0.230383,0.258980,0.842647,0.376918
hs7 100000000 104999999 0.208561,0.651740,0.643090,0.834736,0.288480
hs7 105000000 109999999 0.115227,0.230288,0.501183,0.000083,0.595488
hs7 110000000 114999999 0.024046,0.552980,0.766828,0.341838,0.549013
hs7 115000000 119999999 0.492385,0.657866,0.592010,0.975395,0.716832
hs7 120000000 124999999 0.489983,0.674942,0.146833,0.310270,0.532980
hs7 125000000 129999999 0.823254,0.242084,0.664675,0.052765,0.122840
hs7 130000000 134999999 0.670325,0.512564,0.038222,0.924764,0.245788
hs7 135000000 139999999 0.391464,0.289148,0.553365,0.407564,0.975453
hs7 140000000 144999999 0.550220,0.206551,0.624936,0.911444,0.112493
hs7 145000000 149999999 0.664979,0.541507,0.541308,0.696145,0.211615
hs7 150000000 154999999 0.601069,0.041237,0.516364,0.152850,0.300307
hs7 155000000 159999999 0.926054,0.131470,0.073279,0.005816,0.236198
hs8 0 4999999 0.495178,0.337825,0.714743,0.923304,0.575044
hs8 5000000 9999999 0.218134,0.052870,0.341350,0.456577,0.686865
hs8 10000000 14999999 0.188049,0.188132,0.783620,0.807666,0.360647
hs8 15000000 19999999 0.127475,0.469313,0.018326,0.510711,0.168577
hs8 20000000 24999999 0.760587,0.735983,0.452815,0.942798,0.617740
hs8 25000000 29999999 0.764573,0.074843,0.607823,0.431077,0.673162
hs8 30000000 34999999 0.337836,0.390602,0.513442,0.183767,0.696331
hs8 35000000 39999999 0.734553,0.659317,0.905105,0.296569,0.585717
hs8 40000000 44999999 0.139082,0.546646,0.522099,0.072319,0.278870
hs8 45000000 49999999 0.903805,0.815249,0.927743,0.592721,0.134228
hs8 50000000 54999999 0.675537,0.371681,0.583297,0.184365,0.225602
hs8 55000000 59999999 0.741966,0.894816,0.195123,0.121177,0.252646
hs8 60000000 64999999 0.325926,0.331741,0.567940,0.063117,0.400942
hs8 65000000 69999999 0.115686,0.038990,0.614034,0.832168,0.885038
hs8 70000000 74999999 0.226389,0.682966,0.369831,0.557880,0.746012
hs8 75000000 79999999 0.529633,0.337299,0.697946,0.825421,0.294734
hs8 80000000 84999999 0.313060,0.823771,0.992347,0.752935,0.488917
hs8 85000000 89999999 0.941732,0.884530,0.502270,0.266843,0.341686
hs8 90000000 94999999 0.949510,0.380587,0.053748,0.391585,0.782186
hs8 95000000 99999999 0.295628,0.479395,0.175726,0.910279,0.569596
hs8 100000000 104999999 0.474701,0.771270,0.356987,0.496069,0.042715
hs8 105000000 109999999 0.564814,0.637133,0.916002,0.819808,0.635057
hs8 110000000 114999999 0.562800,0.155521,0.289750,0.965286,0.336968
hs8 115000000 119999999 0.920264,0.104630,0.330232,0.072197,0.967013
hs8 120000000 124999999 0.162136,0.283312,0.535959,0.861884,0.193626
hs8 125000000 129999999 0.761565,0.824683,0.225625,0.341311,0.380300
hs8 130000000 134999999 0.994335,0.826503,0.711542,0.937930,0.620896
hs8 135000000 139999999 0.990727,0.548608,0.294620,0.824253,0.161552
hs8 140000000 144999999 0.859498,0.684919,0.979653,0.292712,0.116483
hs8 145000000 149999999 0.108831,0.861765,0.350682,0.292414,0.176945
hs9 0 4999999 0.679215,0.946058,0.287744,0.237254,0.617840
hs9 5000000 9999999 0.671589,0.063173,0.845360,0.140987,0.620382
hs9 10000000 14999999 0.796108,0.706386,0.275982,0.750683,0.521953
hs9 15000000 19999999 0.878940,0.375009,0.417724,0.982538,0.619671
hs9 20000000 24999999 0.535673,0.355481,0.990538,0.553337,0.708859
hs9 25000000 29999999 0.998608,0.963895,0.300862,0.221126,0.325756
hs9 30000000 34999999 0.655987,0.728185,0.695198,0.857333,0.140646
hs9 35000000 39999999 0.676605,0.538489,0.732115,0.493680,0.318363
hs9 40000000 44999999 0.543988,0.885298,0.265599,0.259933,0.086437
hs9 45000000 49999999 0.797978,0.735908,0.356804,0.347532,0.896139
hs9 65000000 69999999 0.190759,0.015012,0.176565,0.036063,0.720982
hs9 70000000 74999999 0.700635,0.993347,0.109830,0.218661,0.080426
hs9 75000000 79999999 0.431109,0.723523,0.900468,0.579682,0.525740
hs9 80000000 84999999 0.813484,0.050738,0.668578,0.340167,0.403340
hs9 85000000 89999999 0.248699,0.389687,0.010069,0.806176,0.512562
hs9 90000000 94999999 0.788544,0.539228,0.061181,0.940121,0.315131
hs9 95000000 99999999 0.732855,0.715393,0.335064,0.870737,0.226217
hs9 100000000 104999999 0.216755,0.770092,0.478951,0.477559,0.441454
hs9 105000000 109999999 0.742316,0.963442,0.289198,0.945185,0.673370
hs9 110000000 114999999 0.368567,0.225901,0.366547,0.043152,0.581641
hs9 115000000 119999999 0.313756,0.807436,0.125798,0.669786,0.555084
hs9 120000000 124999999 0.820683,0.080616,0.167053,0.965031,0.700939
hs9 125000000 129999999 0.057744,0.405275,0.301415,0.492174,0.507187
hs9 130000000 134999999 0.683751,0.719814,0.440796,0.141430,0.134778
hs9 135000000 139999999 0.244608,0.463269,0.543695,0.974803,0.698326
hs9 140000000 144999999 0.598794,0.178476,0.704216,0.517700,0.568438
hsX 5000000 9999999 0.237016,0.577183,0.980523,0.229222,0.618909
hsX 10000000 14999999 0.628977,0.435154,0.947716,0.736260,0.275488
hsX 15000000 19999999 0.336669,0.276790,0.591921,0.324776,0.040169
hsX 20000000 24999999 0.375232,0.245969,0.472186,0.688941,0.459033
hsX 25000000 29999999 0.937984,0.415543,0.856996,0.599312,0.562754
hsX 30000000 34999999 0.851952,0.797137,0.470507,0.839074,0.064975
hsX 35000000 39999999 0.431522,0.474674,0.056315,0.370070,0.177506
hsX 40000000 44999999 0.303304,0.973090,0.528174,0.348858,0.429474
hsX 45000000 49999999 0.596527,0.561558,0.262497,0.320241,0.725516
hsX 50000000 54999999 0.026931,0.519106,0.026292,0.710044,0.429858
hsX 55000000 59999999 0.870654,0.012084,0.146861,0.391469,0.854738
hsX 60000000 64999999 0.398433,0.373236,0.071562,0.670357,0.848833
hsX 65000000 69999999 0.553049,0.070749,0.639188,0.876204,0.453387
hsX 70000000 74999999 0.433909,0.663131,0.282040,0.911018,0.346171
hsX 75000000 79999999 0.293887,0.030148,0.305636,0.642305,0.919095
hsX 80000000 84999999 0.511016,0.835792,0.875960,0.251192,0.497161
hsX 85000000 89999999 0.969347,0.658288,0.117321,0.055304,0.470847
hsX 90000000 94999999 0.327843,0.927155,0.489909,0.341860,0.138997
hsX 95000000 99999999 0.609504,0.448579,0.513554,0.945076,0.419750
hsX 100000000 104999999 0.476065,0.846135,0.023641,0.326945,0.300035
hsX 105000000 109999999 0.828210,0.177067,0.606541,0.203068,0.764626
hsX 110000000 114999999 0.027123,0.347364,0.072880,0.099812,0.618917
hsX 115000000 119999999 0.645210,0.355253,0.785111,0.655765,0.667849
hsX 120000000 124999999 0.814710,0.206179,0.060917,0.459350,0.832586
hsX 125000000 129999999 0.904148,0.574505,0.423337,0.976387,0.047136
hsX 130000000 134999999 0.686324,0.562527,0.015914,0.449824,0.112955
hsX 135000000 139999999 0.394995,0.306013,0.652184,0.946071,0.976219
hsX 140000000 144999999 0.281855,0.924160,0.843255,0.354271,0.190063
hsX 145000000 149999999 0.066023,0.317215,0.814377,0.783724,0.442012
hsX 150000000 154999999 0.559332,0.614637,0.085484,0.413327,0.340482
hsY 0 4999999 0.830390,0.172251,0.311248,0.920752,0.369331
hsY 5000000 9999999 0.882885,0.827962,0.247712,0.723777,0.569912
hsY 10000000 14999999 0.593553,0.920498,0.220534,0.048743,0.225811
hsY 15000000 19999999 0.832352,0.035420,0.800046,0.827169,0.174533
hsY 20000000 24999999 0.247414,0.347225,0.966142,0.611352,0.966606
hsY 25000000 29999999 0.751717,0.407481,0.075330,0.890040,0.096219
hsY 55000000 59999999 0.157137,0.616486,0.449072,0.353220,0.927725
