hs1 0 4999999 -0.455033
hs1 5000000 9999999 -0.465549
hs1 10000000 14999999 -0.359985
hs1 15000000 19999999 -0.34386
hs1 20000000 24999999 -0.363782
hs1 25000000 29999999 -0.400896
hs1 30000000 34999999 -0.154363
hs1 35000000 39999999 -0.122774
hs1 40000000 44999999 -0.046821
hs1 45000000 49999999 0.070859 
hs1 50000000 54999999 -0.113029
hs1 55000000 59999999 0.300460 
hs1 60000000 64999999 0.125421 
hs1 65000000 69999999 -0.00657
hs1 70000000 74999999 0.158156 
hs1 75000000 79999999 0.163540 
hs1 80000000 84999999 0.342921 
hs1 85000000 89999999 0.180912 
hs1 90000000 94999999 -0.031386
hs1 95000000 99999999 0.363240 
hs1 100000000 104999999 0.179303 
hs1 105000000 109999999 0.172213 
hs1 110000000 114999999 0.067627 
hs1 115000000 119999999 0.230514 
hs1 120000000 124999999 -0.02436
hs1 140000000 144999999 0.069617 
hs1 145000000 149999999 -0.231238
hs1 150000000 154999999 0.000757 
hs1 155000000 159999999 0.075048 
hs1 160000000 164999999 0.251722 
hs1 165000000 169999999 0.142465 
hs1 170000000 174999999 0.197551 
hs1 175000000 179999999 0.127768 
hs1 180000000 184999999 0.156571 
hs1 185000000 189999999 0.141465 
hs1 190000000 194999999 0.134888 
hs1 195000000 199999999 0.063325 
hs1 200000000 204999999 -0.266508
hs1 205000000 209999999 0.163839 
hs1 210000000 214999999 -0.033249
hs1 215000000 219999999 0.237300 
hs1 220000000 224999999 -0.248996
hs1 225000000 229999999 -0.229485
hs1 230000000 234999999 -0.172159
hs1 235000000 239999999 -0.059945
hs1 240000000 244999999 -0.173164
hs1 245000000 249999999 -0.216653
hs10 0 4999999 -0.304442
hs10 5000000 9999999 -0.165386
hs10 10000000 14999999 -0.353511
hs10 15000000 19999999 -0.291288
hs10 20000000 24999999 -0.191155
hs10 25000000 29999999 -0.284746
hs10 30000000 34999999 -0.257543
hs10 35000000 39999999 -0.153755
hs10 40000000 44999999 0.069198 
hs10 45000000 49999999 0.059373 
hs10 50000000 54999999 0.094541 
hs10 55000000 59999999 -0.049867
hs10 60000000 64999999 -0.026697
hs10 65000000 69999999 0.102449 
hs10 70000000 74999999 -0.282234
hs10 75000000 79999999 0.131872 
hs10 80000000 84999999 0.067972 
hs10 85000000 89999999 -0.055036
hs10 90000000 94999999 0.081228 
hs10 95000000 99999999 -0.09621
hs10 100000000 104999999 -0.082292
hs10 105000000 109999999 0.159827 
hs10 110000000 114999999 -0.007758
hs10 115000000 119999999 -0.008792
hs10 120000000 124999999 -0.041344
hs10 125000000 129999999 -0.0662
hs10 130000000 134999999 0.011768 
hs10 135000000 139999999 0.015948 
hs11 0 4999999 0.049448 
hs11 5000000 9999999 0.178401 
hs11 10000000 14999999 0.203679 
hs11 15000000 19999999 0.150254 
hs11 20000000 24999999 0.114591 
hs11 25000000 29999999 0.202580 
hs11 30000000 34999999 0.126903 
hs11 35000000 39999999 0.094663 
hs11 40000000 44999999 0.105383 
hs11 45000000 49999999 -0.118784
hs11 50000000 54999999 0.442162 
hs11 55000000 59999999 0.151954 
hs11 60000000 64999999 -0.238793
hs11 65000000 69999999 -0.304353
hs11 70000000 74999999 -0.108352
hs11 75000000 79999999 -0.008318
hs11 80000000 84999999 0.233682 
hs11 85000000 89999999 0.097854 
hs11 90000000 94999999 0.202255 
hs11 95000000 99999999 0.161879 
hs11 100000000 104999999 0.036104 
hs11 105000000 109999999 -0.012385
hs11 110000000 114999999 0.240378 
hs11 115000000 119999999 -0.007767
hs11 120000000 124999999 0.119544 
hs11 125000000 129999999 0.129117 
hs11 130000000 134999999 0.134760 
hs12 0 4999999 -0.2186
hs12 5000000 9999999 -0.174662
hs12 10000000 14999999 -0.097018
hs12 15000000 19999999 0.202760 
hs12 20000000 24999999 -0.002282
hs12 25000000 29999999 -0.104054
hs12 30000000 34999999 0.010777 
hs12 35000000 39999999 0.112535 
hs12 40000000 44999999 0.195458 
hs12 45000000 49999999 -0.132461
hs12 50000000 54999999 -0.093813
hs12 55000000 59999999 0.147028 
hs12 60000000 64999999 -0.023528
hs12 65000000 69999999 -0.041797
hs12 70000000 74999999 0.177857 
hs12 75000000 79999999 0.129291 
hs12 80000000 84999999 0.162775 
hs12 85000000 89999999 0.233374 
hs12 90000000 94999999 -0.1164
hs12 95000000 99999999 -0.003223
hs12 100000000 104999999 -0.037475
hs12 105000000 109999999 -0.193972
hs12 110000000 114999999 0.010515 
hs12 115000000 119999999 -0.32091
hs12 120000000 124999999 -0.441856
hs12 125000000 129999999 0.021818 
hs12 130000000 134999999 0.030150 
hs13 15000000 19999999 -0.421173
hs13 20000000 24999999 -0.234083
hs13 25000000 29999999 -0.125725
hs13 30000000 34999999 -0.036967
hs13 35000000 39999999 0.153345 
hs13 40000000 44999999 -0.096964
hs13 45000000 49999999 -0.077599
hs13 50000000 54999999 0.117015 
hs13 55000000 59999999 0.182564 
hs13 60000000 64999999 0.187096 
hs13 65000000 69999999 0.177656 
hs13 70000000 74999999 0.179224 
hs13 75000000 79999999 0.230108 
hs13 80000000 84999999 0.099215 
hs13 85000000 89999999 0.102714 
hs13 90000000 94999999 -0.025865
hs13 95000000 99999999 -0.088549
hs13 100000000 104999999 0.121626 
hs13 105000000 109999999 -0.053328
hs13 110000000 114999999 0.052188 
hs14 15000000 19999999 0.212517 
hs14 20000000 24999999 0.097492 
hs14 25000000 29999999 0.332257 
hs14 30000000 34999999 -0.127697
hs14 35000000 39999999 0.302913 
hs14 40000000 44999999 0.137202 
hs14 45000000 49999999 -0.000602
hs14 50000000 54999999 -0.043185
hs14 55000000 59999999 -0.001103
hs14 60000000 64999999 -0.048725
hs14 65000000 69999999 0.133464 
hs14 70000000 74999999 -0.23155
hs14 75000000 79999999 -0.033331
hs14 80000000 84999999 0.145301 
hs14 85000000 89999999 -0.040811
hs14 90000000 94999999 -0.220638
hs14 95000000 99999999 0.031903 
hs14 100000000 104999999 -0.430433
hs14 105000000 109999999 0.218110 
hs15 15000000 19999999 0.169078 
hs15 20000000 24999999 -0.176845
hs15 25000000 29999999 -0.160494
hs15 30000000 34999999 0.195057 
hs15 35000000 39999999 0.035656 
hs15 40000000 44999999 -0.081125
hs15 45000000 49999999 -0.006801
hs15 50000000 54999999 0.140731 
hs15 55000000 59999999 0.093326 
hs15 60000000 64999999 -0.210708
hs15 65000000 69999999 0.116611 
hs15 70000000 74999999 -0.091932
hs15 75000000 79999999 0.036988 
hs15 80000000 84999999 -0.047122
hs15 85000000 89999999 -0.061506
hs15 90000000 94999999 0.146845 
hs15 95000000 99999999 0.050051 
hs15 100000000 104999999 0.290614 
hs16 0 4999999 -0.579861
hs16 5000000 9999999 -0.231021
hs16 10000000 14999999 -0.481248
hs16 15000000 19999999 -0.396275
hs16 20000000 24999999 -0.409476
hs16 25000000 29999999 -0.443382
hs16 30000000 34999999 0.030295 
hs16 45000000 49999999 -0.123468
hs16 50000000 54999999 0.151772 
hs16 55000000 59999999 -0.100126
hs16 60000000 64999999 0.125126 
hs16 65000000 69999999 -0.364874
hs16 70000000 74999999 -0.176331
hs16 75000000 79999999 -0.056605
hs16 80000000 84999999 -0.166315
hs16 85000000 89999999 -0.438182
hs17 0 4999999 -0.577938
hs17 5000000 9999999 -0.35806
hs17 10000000 14999999 -0.085448
hs17 15000000 19999999 -0.393191
hs17 20000000 24999999 -0.260318
hs17 25000000 29999999 -0.169598
hs17 30000000 34999999 -0.272111
hs17 35000000 39999999 -0.248309
hs17 40000000 44999999 -0.332516
hs17 45000000 49999999 0.072803 
hs17 50000000 54999999 -0.048505
hs17 55000000 59999999 -0.296914
hs17 60000000 64999999 -0.339181
hs17 65000000 69999999 -0.080854
hs17 70000000 74999999 -0.517071
hs17 75000000 79999999 -0.568579
hs18 0 4999999 -0.039689
hs18 5000000 9999999 -0.109889
hs18 10000000 14999999 -0.308321
hs18 15000000 19999999 -0.201725
hs18 20000000 24999999 0.236411 
hs18 25000000 29999999 0.158490 
hs18 30000000 34999999 0.231344 
hs18 35000000 39999999 0.259774 
hs18 40000000 44999999 0.096712 
hs18 45000000 49999999 0.042529 
hs18 50000000 54999999 -0.008463
hs18 55000000 59999999 -0.046425
hs18 60000000 64999999 0.081154 
hs18 65000000 69999999 0.051204 
hs18 70000000 74999999 0.025154 
hs18 75000000 79999999 -0.384184
hs19 0 4999999 0.088214 
hs19 5000000 9999999 0.031081 
hs19 10000000 14999999 -0.485552
hs19 15000000 19999999 0.003496 
hs19 20000000 24999999 0.676641 
hs19 30000000 34999999 -0.281871
hs19 35000000 39999999 -0.27249
hs19 40000000 44999999 -0.374992
hs19 45000000 49999999 0.035407 
hs19 50000000 54999999 -0.455551
hs19 55000000 59999999 -0.394297
hs19 60000000 64999999 0.068848 
hs2 0 4999999 0.011346 
hs2 5000000 9999999 -0.095444
hs2 10000000 14999999 -0.02081
hs2 15000000 19999999 0.270475 
hs2 20000000 24999999 0.169368 
hs2 25000000 29999999 -0.129111
hs2 30000000 34999999 -0.061344
hs2 35000000 39999999 -0.021796
hs2 40000000 44999999 -0.02831
hs2 45000000 49999999 -0.013114
hs2 50000000 54999999 0.124923 
hs2 55000000 59999999 0.312155 
hs2 60000000 64999999 -0.05537
hs2 65000000 69999999 0.107776 
hs2 70000000 74999999 -0.063127
hs2 75000000 79999999 0.158579 
hs2 80000000 84999999 0.128404 
hs2 85000000 89999999 -0.175387
hs2 90000000 94999999 -0.150323
hs2 95000000 99999999 -0.077111
hs2 100000000 104999999 -0.037582
hs2 105000000 109999999 -0.134865
hs2 110000000 114999999 -0.062095
hs2 115000000 119999999 0.140951 
hs2 120000000 124999999 -0.04383
hs2 125000000 129999999 -0.128402
hs2 130000000 134999999 -0.040468
hs2 135000000 139999999 0.127235 
hs2 140000000 144999999 0.211352 
hs2 145000000 149999999 0.392059 
hs2 150000000 154999999 0.144308 
hs2 155000000 159999999 0.242837 
hs2 160000000 164999999 0.360153 
hs2 165000000 169999999 0.247326 
hs2 170000000 174999999 -0.020563
hs2 175000000 179999999 0.318574 
hs2 180000000 184999999 0.269758 
hs2 185000000 189999999 0.187361 
hs2 190000000 194999999 0.114884 
hs2 195000000 199999999 0.223479 
hs2 200000000 204999999 -0.133047
hs2 205000000 209999999 0.130663 
hs2 210000000 214999999 0.242299 
hs2 215000000 219999999 0.042422 
hs2 220000000 224999999 0.115627 
hs2 225000000 229999999 -0.005616
hs2 230000000 234999999 -0.217513
hs2 235000000 239999999 -0.261351
hs2 240000000 244999999 0.000191 
hs20 0 4999999 -0.130718
hs20 5000000 9999999 -0.03932
hs20 10000000 14999999 0.271058 
hs20 15000000 19999999 0.103387 
hs20 20000000 24999999 0.062757 
hs20 25000000 29999999 -0.240152
hs20 30000000 34999999 -0.382061
hs20 35000000 39999999 -0.014329
hs20 40000000 44999999 -0.030478
hs20 45000000 49999999 -0.318194
hs20 50000000 54999999 0.004302 
hs20 55000000 59999999 0.027915 
hs20 60000000 64999999 -0.54387
hs21 5000000 9999999 -0.182811
hs21 10000000 14999999 0.081266 
hs21 15000000 19999999 0.142374 
hs21 20000000 24999999 0.080445 
hs21 25000000 29999999 0.042282 
hs21 30000000 34999999 -0.217259
hs21 35000000 39999999 -0.118329
hs21 40000000 44999999 -0.342289
hs21 45000000 49999999 -0.423818
hs22 15000000 19999999 -0.496732
hs22 20000000 24999999 -0.3533
hs22 25000000 29999999 -0.17064
hs22 30000000 34999999 -0.248653
hs22 35000000 39999999 -0.411396
hs22 40000000 44999999 -0.436893
hs22 45000000 49999999 0.018495 
hs3 0 4999999 0.254668 
hs3 5000000 9999999 -0.054912
hs3 10000000 14999999 -0.217959
hs3 15000000 19999999 0.142330 
hs3 20000000 24999999 -0.039959
hs3 25000000 29999999 -0.023381
hs3 30000000 34999999 -0.029102
hs3 35000000 39999999 -0.00048
hs3 40000000 44999999 0.104252 
hs3 45000000 49999999 0.012736 
hs3 50000000 54999999 0.074515 
hs3 55000000 59999999 -0.0291
hs3 60000000 64999999 0.235448 
hs3 65000000 69999999 0.151597 
hs3 70000000 74999999 0.202422 
hs3 75000000 79999999 0.198831 
hs3 80000000 84999999 0.190274 
hs3 85000000 89999999 0.158496 
hs3 90000000 94999999 0.289692 
hs3 95000000 99999999 0.136670 
hs3 100000000 104999999 0.211257 
hs3 105000000 109999999 0.264618 
hs3 110000000 114999999 0.232718 
hs3 115000000 119999999 0.447877 
hs3 120000000 124999999 0.127344 
hs3 125000000 129999999 -0.182221
hs3 130000000 134999999 0.060828 
hs3 135000000 139999999 0.167436 
hs3 140000000 144999999 0.160368 
hs3 145000000 149999999 0.261633 
hs3 150000000 154999999 -0.01933
hs3 155000000 159999999 0.167830 
hs3 160000000 164999999 0.130948 
hs3 165000000 169999999 0.157522 
hs3 170000000 174999999 -0.046508
hs3 175000000 179999999 -0.011072
hs3 180000000 184999999 -0.047349
hs3 185000000 189999999 -0.158422
hs3 190000000 194999999 -0.007016
hs3 195000000 199999999 -0.465566
hs4 0 4999999 -0.391678
hs4 5000000 9999999 0.003871 
hs4 10000000 14999999 0.101899 
hs4 15000000 19999999 0.105060 
hs4 20000000 24999999 0.183899 
hs4 25000000 29999999 -0.002378
hs4 30000000 34999999 0.160165 
hs4 35000000 39999999 -0.141253
hs4 40000000 44999999 -0.02625
hs4 45000000 49999999 0.035085 
hs4 50000000 54999999 0.137470 
hs4 55000000 59999999 0.074321 
hs4 60000000 64999999 0.108696 
hs4 65000000 69999999 0.145020 
hs4 70000000 74999999 0.096959 
hs4 75000000 79999999 -0.046524
hs4 80000000 84999999 -0.00032
hs4 85000000 89999999 -0.032373
hs4 90000000 94999999 -0.021742
hs4 95000000 99999999 0.230866 
hs4 100000000 104999999 0.164243 
hs4 105000000 109999999 0.287146 
hs4 110000000 114999999 0.111103 
hs4 115000000 119999999 0.167513 
hs4 120000000 124999999 0.151372 
hs4 125000000 129999999 0.130052 
hs4 130000000 134999999 0.196394 
hs4 135000000 139999999 0.205271 
hs4 140000000 144999999 -0.024194
hs4 145000000 149999999 -0.013269
hs4 150000000 154999999 -0.006855
hs4 155000000 159999999 0.124661 
hs4 160000000 164999999 -0.045875
hs4 165000000 169999999 0.077013 
hs4 170000000 174999999 0.119523 
hs4 175000000 179999999 0.136018 
hs4 180000000 184999999 0.075189 
hs4 185000000 189999999 -0.141921
hs4 190000000 194999999 0.143221 
hs5 0 4999999 0.051608 
hs5 5000000 9999999 -0.09562
hs5 10000000 14999999 -0.071814
hs5 15000000 19999999 -0.100621
hs5 20000000 24999999 0.048667 
hs5 25000000 29999999 0.157727 
hs5 30000000 34999999 -0.03576
hs5 35000000 39999999 0.135251 
hs5 40000000 44999999 0.212151 
hs5 45000000 49999999 0.108005 
hs5 50000000 54999999 0.202523 
hs5 55000000 59999999 0.141756 
hs5 60000000 64999999 0.198889 
hs5 65000000 69999999 0.036018 
hs5 70000000 74999999 -0.052762
hs5 75000000 79999999 -0.077392
hs5 80000000 84999999 0.193057 
hs5 85000000 89999999 0.376494 
hs5 90000000 94999999 0.331613 
hs5 95000000 99999999 0.182445 
hs5 100000000 104999999 0.258081 
hs5 105000000 109999999 0.276651 
hs5 110000000 114999999 0.138339 
hs5 115000000 119999999 0.185728 
hs5 120000000 124999999 0.280432 
hs5 125000000 129999999 0.231587 
hs5 130000000 134999999 -0.08302
hs5 135000000 139999999 -0.032343
hs5 140000000 144999999 0.219056 
hs5 145000000 149999999 -0.00072
hs5 150000000 154999999 -0.019759
hs5 155000000 159999999 -0.018435
hs5 160000000 164999999 0.220651 
hs5 165000000 169999999 0.264562 
hs5 170000000 174999999 -0.060585
hs5 175000000 179999999 -0.2981
hs5 180000000 184999999 -0.225988
hs5_h2_hap1 0 4999999 -0.33757
hs6 0 4999999 -0.16412
hs6 5000000 9999999 0.039022 
hs6 10000000 14999999 -0.104014
hs6 15000000 19999999 -0.114442
hs6 20000000 24999999 -0.033006
hs6 25000000 29999999 0.060995 
hs6 30000000 34999999 0.026132 
hs6 35000000 39999999 -0.09545
hs6 40000000 44999999 -0.084641
hs6 45000000 49999999 0.152129 
hs6 50000000 54999999 0.153833 
hs6 55000000 59999999 0.164140 
hs6 60000000 64999999 0.119126 
hs6 65000000 69999999 0.108043 
hs6 70000000 74999999 0.073205 
hs6 75000000 79999999 0.190887 
hs6 80000000 84999999 0.202893 
hs6 85000000 89999999 0.192816 
hs6 90000000 94999999 0.312103 
hs6 95000000 99999999 0.334671 
hs6 100000000 104999999 0.282048 
hs6 105000000 109999999 -0.095477
hs6 110000000 114999999 -0.041452
hs6 115000000 119999999 0.239301 
hs6 120000000 124999999 0.200419 
hs6 125000000 129999999 0.245078 
hs6 130000000 134999999 -0.046641
hs6 135000000 139999999 -0.077023
hs6 140000000 144999999 0.183516 
hs6 145000000 149999999 0.147346 
hs6 150000000 154999999 -0.116742
hs6 155000000 159999999 -0.157688
hs6 160000000 164999999 -0.127443
hs6 165000000 169999999 -0.277345
hs6 170000000 174999999 0.056223 
hs6_cox_hap1 0 4999999 0.080421 
hs6_qbl_hap2 0 4999999 0.062773 
hs7 0 4999999 -0.443452
hs7 5000000 9999999 -0.173855
hs7 10000000 14999999 0.222980 
hs7 15000000 19999999 0.204196 
hs7 20000000 24999999 -0.042255
hs7 25000000 29999999 0.217879 
hs7 30000000 34999999 0.184464 
hs7 35000000 39999999 -0.014409
hs7 40000000 44999999 0.052866 
hs7 45000000 49999999 -0.190433
hs7 50000000 54999999 0.048205 
hs7 55000000 59999999 -0.484515
hs7 60000000 64999999 -0.432936
hs7 65000000 69999999 0.035049 
hs7 70000000 74999999 -0.637495
hs7 75000000 79999999 -0.094759
hs7 80000000 84999999 0.132740 
hs7 85000000 89999999 0.209133 
hs7 90000000 94999999 0.304275 
hs7 95000000 99999999 -0.159521
hs7 100000000 104999999 -0.351466
hs7 105000000 109999999 0.118309 
hs7 110000000 114999999 0.334958 
hs7 115000000 119999999 0.231211 
hs7 120000000 124999999 0.195226 
hs7 125000000 129999999 -0.011432
hs7 130000000 134999999 -0.05988
hs7 135000000 139999999 -0.156166
hs7 140000000 144999999 0.069827 
hs7 145000000 149999999 -0.131272
hs7 150000000 154999999 -0.293824
hs7 155000000 159999999 -0.36391
hs8 0 4999999 -0.351893
hs8 5000000 9999999 -0.305585
hs8 10000000 14999999 -0.142048
hs8 15000000 19999999 -0.101024
hs8 20000000 24999999 0.006915 
hs8 25000000 29999999 -0.202392
hs8 30000000 34999999 -0.110706
hs8 35000000 39999999 -0.134881
hs8 40000000 44999999 -0.430231
hs8 45000000 49999999 -0.162237
hs8 50000000 54999999 0.034235 
hs8 55000000 59999999 -0.058269
hs8 60000000 64999999 0.217537 
hs8 65000000 69999999 0.120969 
hs8 70000000 74999999 0.183611 
hs8 75000000 79999999 0.281687 
hs8 80000000 84999999 -0.026486
hs8 85000000 89999999 0.112075 
hs8 90000000 94999999 0.310729 
hs8 95000000 99999999 0.029676 
hs8 100000000 104999999 -0.052368
hs8 105000000 109999999 0.259072 
hs8 110000000 114999999 0.167306 
hs8 115000000 119999999 0.276128 
hs8 120000000 124999999 0.078730 
hs8 125000000 129999999 -0.016378
hs8 130000000 134999999 0.068647 
hs8 135000000 139999999 0.074395 
hs8 140000000 144999999 0.001728 
hs8 145000000 149999999 0.201011 
hs9 0 4999999 0.145533 
hs9 5000000 9999999 0.094978 
hs9 10000000 14999999 0.231767 
hs9 15000000 19999999 0.141332 
hs9 20000000 24999999 0.311918 
hs9 25000000 29999999 0.210772 
hs9 30000000 34999999 0.049249 
hs9 35000000 39999999 -0.057582
hs9 40000000 44999999 0.148875 
hs9 45000000 49999999 0.087730 
hs9 65000000 69999999 0.182395 
hs9 70000000 74999999 -0.061809
hs9 75000000 79999999 -0.009521
hs9 80000000 84999999 0.341093 
hs9 85000000 89999999 -0.105457
hs9 90000000 94999999 -0.278881
hs9 95000000 99999999 -0.191263
hs9 100000000 104999999 0.168489 
hs9 105000000 109999999 -0.003862
hs9 110000000 114999999 -0.149236
hs9 115000000 119999999 0.139553 
hs9 120000000 124999999 -0.023453
hs9 125000000 129999999 -0.160313
hs9 130000000 134999999 -0.443513
hs9 135000000 139999999 -0.418402
hs9 140000000 144999999 0.037919 
hsX 5000000 9999999 -0.243172
hsX 10000000 14999999 0.339356 
hsX 15000000 19999999 0.110288 
hsX 20000000 24999999 0.259945 
hsX 25000000 29999999 0.295213 
hsX 30000000 34999999 0.241662 
hsX 35000000 39999999 0.296888 
hsX 40000000 44999999 -0.054874
hsX 45000000 49999999 0.092521 
hsX 50000000 54999999 0.237169 
hsX 55000000 59999999 0.473954 
hsX 60000000 64999999 0.400579 
hsX 65000000 69999999 0.447925 
hsX 70000000 74999999 0.261993 
hsX 75000000 79999999 0.281912 
hsX 80000000 84999999 0.392545 
hsX 85000000 89999999 0.362504 
hsX 90000000 94999999 0.361781 
hsX 95000000 99999999 0.524297 
hsX 100000000 104999999 0.295934 
hsX 105000000 109999999 0.464731 
hsX 110000000 114999999 0.343236 
hsX 115000000 119999999 0.152588 
hsX 120000000 124999999 0.386297 
hsX 125000000 129999999 0.377613 
hsX 130000000 134999999 0.208889 
hsX 135000000 139999999 0.370873 
hsX 140000000 144999999 0.230952 
hsX 145000000 149999999 0.377557 
hsX 150000000 154999999 0.181897 
hsY 0 4999999 -0.237404
hsY 5000000 9999999 0.031316 
hsY 10000000 14999999 0.066598 
hsY 15000000 19999999 -0.549003
hsY 20000000 24999999 -0.327276
hsY 25000000 29999999 -0.303468
hsY 55000000 59999999 0.644468 
