chr1 1000 1500 0.237788
chr1 2000 2500 0.291066
chr1 3000 3500 0.845814
chr1 4000 4500 0.152208
chr1 5000 5500 0.585537
chr1 6000 6500 0.193475
chr1 7000 7500 0.810623
chr1 8000 8500 0.173531
chr1 9000 9500 0.484983
chr1 10000 10500 0.151863
chr1 11000 11500 0.366957
chr1 12000 12500 0.491736
chr1 13000 13500 0.910094
chr1 14000 14500 0.265257
chr1 15000 15500 0.893188
chr1 16000 16500 0.220351
chr1 17000 17500 0.631798
chr1 18000 18500 0.571077
chr1 19000 19500 0.332158
chr1 20000 20500 0.104455
chr1 21000 21500 0.502931
chr1 22000 22500 0.567394
chr1 23000 23500 0.854165
chr1 24000 24500 0.0401409
chr1 25000 25500 0.108022
chr1 26000 26500 0.639396
chr1 27000 27500 0.013111
chr1 28000 28500 0.720184
chr1 29000 29500 0.101814
chr1 30000 30500 0.482945
chr1 31000 31500 0.254355
chr1 32000 32500 0.676697
chr1 33000 33500 0.896782
chr1 34000 34500 0.759896
chr1 35000 35500 0.720292
chr1 36000 36500 0.907623
chr1 37000 37500 0.928611
chr1 38000 38500 0.377663
chr1 39000 39500 0.899756
chr1 40000 40500 0.77888
chr1 41000 41500 0.324255
chr1 42000 42500 0.194231
chr1 43000 43500 0.995553
chr1 44000 44500 0.161296
chr1 45000 45500 0.708034
chr1 46000 46500 0.501519
chr1 47000 47500 0.936301
chr1 48000 48500 0.716323
chr1 49000 49500 0.10519
chr1 50000 50500 0.209205
chr1 51000 51500 0.559397
chr1 52000 52500 0.705432
chr1 53000 53500 0.0782337
chr1 54000 54500 0.51053
chr1 55000 55500 0.196197
chr1 56000 56500 0.274211
chr1 57000 57500 0.638602
chr1 58000 58500 0.448208
chr1 59000 59500 0.0398718
chr1 60000 60500 0.467251
chr1 61000 61500 0.0777565
chr1 62000 62500 0.0381004
chr1 63000 63500 0.160044
chr1 64000 64500 0.397832
chr1 65000 65500 0.688898
chr1 66000 66500 0.534712
chr1 67000 67500 0.68692
chr1 68000 68500 0.272457
chr1 69000 69500 0.465933
chr1 70000 70500 0.276555
chr1 71000 71500 0.450086
chr1 72000 72500 0.935069
chr1 73000 73500 0.0869318
chr1 74000 74500 0.453889
chr1 75000 75500 0.945625
chr1 76000 76500 0.855719
chr1 77000 77500 0.120976
chr1 78000 78500 0.0141639
chr1 79000 79500 0.234515
chr1 80000 80500 0.866313
chr1 81000 81500 0.43739
chr1 82000 82500 0.769548
chr1 83000 83500 0.874003
chr1 84000 84500 0.376934
chr1 85000 85500 0.944328
chr1 86000 86500 0.798493
chr1 87000 87500 0.838634
chr1 88000 88500 0.946656
chr1 89000 89500 0.586052
chr1 90000 90500 0.599163
chr1 91000 91500 0.319347
chr1 92000 92500 0.421162
chr1 93000 93500 0.904107
chr1 94000 94500 0.158462
chr1 95000 95500 0.835159
chr1 96000 96500 0.731942
chr1 97000 97500 0.491837
chr1 98000 98500 0.212129
chr1 99000 99500 0.119752
chr1 100000 100500 0.0483631
chr1 101000 101500 0.426026
chr1 102000 102500 0.325782
chr1 103000 103500 0.104662
chr1 104000 104500 0.428916
chr1 105000 105500 0.623148
chr1 106000 106500 0.6187
chr1 107000 107500 0.779997
chr1 108000 108500 0.488031
chr1 109000 109500 0.98955
chr1 110000 110500 0.925851
chr1 111000 111500 0.642174
chr1 112000 112500 0.747365
chr1 113000 113500 0.956569
chr1 114000 114500 0.515966
chr1 115000 115500 0.221398
chr1 116000 116500 0.299632
chr1 117000 117500 0.810162
chr1 118000 118500 0.00635903
chr1 119000 119500 0.28057
chr1 120000 120500 0.919172
chr1 121000 121500 0.36738
chr1 122000 122500 0.407252
chr1 123000 123500 0.874503
chr1 124000 124500 0.95226
chr1 125000 125500 0.99036
chr1 126000 126500 0.150404
chr1 127000 127500 0.548236
chr1 128000 128500 0.237134
chr1 129000 129500 0.771846
chr1 130000 130500 0.458766
chr1 131000 131500 0.731223
chr1 132000 132500 0.197155
chr1 133000 133500 0.473711
chr1 134000 134500 0.923797
chr1 135000 135500 0.858866
chr1 136000 136500 0.945798
chr1 137000 137500 0.399686
chr1 138000 138500 0.345312
chr1 139000 139500 0.201031
chr1 140000 140500 0.322008
chr1 141000 141500 0.336171
chr1 142000 142500 0.570686
chr1 143000 143500 0.437
chr1 144000 144500 0.87439
chr1 145000 145500 0.643938
chr1 146000 146500 0.517941
chr1 147000 147500 0.894874
chr1 148000 148500 0.839202
chr1 149000 149500 0.637695
chr1 150000 150500 0.476329
chr1 151000 151500 0.422985
chr1 152000 152500 0.00903642
chr1 153000 153500 0.608199
chr1 154000 154500 0.927547
chr1 155000 155500 0.348708
chr1 156000 156500 0.252815
chr1 157000 157500 0.411277
chr1 158000 158500 0.246436
chr1 159000 159500 0.978378
chr1 160000 160500 0.470215
chr1 161000 161500 0.682345
chr1 162000 162500 0.802097
chr1 163000 163500 0.85046
chr1 164000 164500 0.276486
chr1 165000 165500 0.602268
chr1 166000 166500 0.70693
chr1 167000 167500 0.135846
chr1 168000 168500 0.758994
chr1 169000 169500 0.377694
chr1 170000 170500 0.157691
chr1 171000 171500 0.645722
chr1 172000 172500 0.635273
chr1 173000 173500 0.561124
chr1 174000 174500 0.203298
chr1 175000 175500 0.950663
chr1 176000 176500 0.907232
chr1 177000 177500 0.423198
chr1 178000 178500 0.644596
chr1 179000 179500 0.944228
chr1 180000 180500 0.75439
chr1 181000 181500 0.760749
chr1 182000 182500 0.0413186
chr1 183000 183500 0.960491
chr1 184000 184500 0.327871
chr1 185000 185500 0.735123
chr1 186000 186500 0.609626
chr1 187000 187500 0.561885
chr1 188000 188500 0.552245
chr1 189000 189500 0.70265
chr1 190000 190500 0.250886
chr1 191000 191500 0.488021
chr1 192000 192500 0.259866
chr1 193000 193500 0.718632
chr1 194000 194500 0.449855
chr1 195000 195500 0.64701
chr1 196000 196500 0.120721
chr1 197000 197500 0.0445171
chr1 198000 198500 0.903383
chr1 199000 199500 0.84918
chr1 200000 200500 0.248867
chr1 201000 201500 0.594179
chr1 202000 202500 0.79521
chr1 203000 203500 0.117217
chr1 204000 204500 0.453389
chr1 205000 205500 0.0240753
chr1 206000 206500 0.461075
chr1 207000 207500 0.335465
chr1 208000 208500 0.979403
chr1 209000 209500 0.497344
chr1 210000 210500 0.392218
chr1 211000 211500 0.23142
chr1 212000 212500 0.869115
chr1 213000 213500 0.345444
chr1 214000 214500 0.768428
chr1 215000 215500 0.777465
chr1 216000 216500 0.385664
chr1 217000 217500 0.313211
chr1 218000 218500 0.661919
chr1 219000 219500 0.914734
chr1 220000 220500 0.326011
chr1 221000 221500 0.572447
chr1 222000 222500 0.550825
chr1 223000 223500 0.0210396
chr1 224000 224500 0.703384
chr1 225000 225500 0.505481
chr1 226000 226500 0.355941
chr1 227000 227500 0.632427
chr1 228000 228500 0.234695
chr1 229000 229500 0.941625
chr1 230000 230500 0.0774716
chr1 231000 231500 0.836466
chr1 232000 232500 0.21416
chr1 233000 233500 0.371851
chr1 234000 234500 0.0175735
chr1 235000 235500 0.652846
chr1 236000 236500 0.21397
chr1 237000 237500 0.417268
chr1 238000 238500 0.367931
chr1 239000 239500 0.275164
chr1 240000 240500 0.698362
chr1 241000 241500 0.342959
chr1 242000 242500 0.287187
chr1 243000 243500 0.0415765
chr1 244000 244500 0.802325
chr1 245000 245500 0.843644
chr1 246000 246500 0.804135
chr1 247000 247500 0.132005
chr1 248000 248500 0.867128
chr1 249000 249500 0.476754
chr1 250000 250500 0.0386389
chr1 251000 251500 0.590884
chr1 252000 252500 0.293534
chr1 253000 253500 0.54442
chr1 254000 254500 0.032441
chr1 255000 255500 0.292307
chr1 256000 256500 0.010939
chr1 257000 257500 0.460794
chr1 258000 258500 0.107803
chr1 259000 259500 0.228524
chr1 260000 260500 0.273041
chr1 261000 261500 0.176424
chr1 262000 262500 0.0256045
chr1 263000 263500 0.274471
chr1 264000 264500 0.86865
chr1 265000 265500 0.66386
chr1 266000 266500 0.781077
chr1 267000 267500 0.234466
chr1 268000 268500 0.258542
chr1 269000 269500 0.719617
chr1 270000 270500 0.0550814
chr1 271000 271500 0.0344843
chr1 272000 272500 0.531828
chr1 273000 273500 0.924046
chr1 274000 274500 0.155466
chr1 275000 275500 0.0245813
chr1 276000 276500 0.370025
chr1 277000 277500 0.138454
chr1 278000 278500 0.915918
chr1 279000 279500 0.301583
chr1 280000 280500 0.614793
chr1 281000 281500 0.276712
chr1 282000 282500 0.191446
chr1 283000 283500 0.517457
chr1 284000 284500 0.0899034
chr1 285000 285500 0.640728
chr1 286000 286500 0.661768
chr1 287000 287500 0.365152
chr1 288000 288500 0.870633
chr1 289000 289500 0.226574
chr1 290000 290500 0.859001
chr1 291000 291500 0.0936968
chr1 292000 292500 0.035322
chr1 293000 293500 0.112794
chr1 294000 294500 0.949259
chr1 295000 295500 0.163419
chr1 296000 296500 0.53527
chr1 297000 297500 0.552844
chr1 298000 298500 0.20569
chr1 299000 299500 0.41966
chr1 300000 300500 0.836928
chr1 301000 301500 0.20486
chr1 302000 302500 0.480023
chr1 303000 303500 0.178386
chr1 304000 304500 0.521344
chr1 305000 305500 0.808531
chr1 306000 306500 0.850107
chr1 307000 307500 0.652433
chr1 308000 308500 0.496077
chr1 309000 309500 0.300211
chr1 310000 310500 0.432217
chr1 311000 311500 0.299345
chr1 312000 312500 0.776098
chr1 313000 313500 0.814737
chr1 314000 314500 0.405621
chr1 315000 315500 0.699155
chr1 316000 316500 0.243576
chr1 317000 317500 0.276017
chr1 318000 318500 0.568324
chr1 319000 319500 0.579263
chr1 320000 320500 0.0400565
chr1 321000 321500 0.14786
chr1 322000 322500 0.376384
chr1 323000 323500 0.649425
chr1 324000 324500 0.825849
chr1 325000 325500 0.851454
chr1 326000 326500 0.125925
chr1 327000 327500 0.994575
chr1 328000 328500 0.658435
chr1 329000 329500 0.439512
chr1 330000 330500 0.673979
chr1 331000 331500 0.93252
chr1 332000 332500 0.652137
chr1 333000 333500 0.707218
chr1 334000 334500 0.741702
chr1 335000 335500 0.27353
chr1 336000 336500 0.197576
chr1 337000 337500 0.353042
chr1 338000 338500 0.377624
chr1 339000 339500 0.747649
chr1 340000 340500 0.886102
chr1 341000 341500 0.802021
chr1 342000 342500 0.103603
chr1 343000 343500 0.718396
chr1 344000 344500 0.995109
chr1 345000 345500 0.186555
chr1 346000 346500 0.704011
chr1 347000 347500 0.793915
chr1 348000 348500 0.434643
chr1 349000 349500 0.0964105
chr1 350000 350500 0.461562
chr1 351000 351500 0.332195
chr1 352000 352500 0.558769
chr1 353000 353500 0.417771
chr1 354000 354500 0.511468
chr1 355000 355500 0.54679
chr1 356000 356500 0.659583
chr1 357000 357500 0.608842
chr1 358000 358500 0.772261
chr1 359000 359500 0.307531
chr1 360000 360500 0.860375
chr1 361000 361500 0.066065
chr1 362000 362500 0.485725
chr1 363000 363500 0.322654
chr1 364000 364500 0.527513
chr1 365000 365500 0.00753681
chr1 366000 366500 0.185922
chr1 367000 367500 0.707266
chr1 368000 368500 0.515797
chr1 369000 369500 0.365905
chr1 370000 370500 0.0183374
chr1 371000 371500 0.514414
chr1 372000 372500 0.814625
chr1 373000 373500 0.246842
chr1 374000 374500 0.546186
chr1 375000 375500 0.322285
chr1 376000 376500 0.137021
chr1 377000 377500 0.542643
chr1 378000 378500 0.241798
chr1 379000 379500 0.485374
chr1 380000 380500 0.761391
chr1 381000 381500 0.329714
chr1 382000 382500 0.908977
chr1 383000 383500 0.949034
chr1 384000 384500 0.0968939
chr1 385000 385500 0.473278
chr1 386000 386500 0.122703
chr1 387000 387500 0.948552
chr1 388000 388500 0.800006
chr1 389000 389500 0.925931
chr1 390000 390500 0.920506
chr1 391000 391500 0.578941
chr1 392000 392500 0.0184528
chr1 393000 393500 0.692431
chr1 394000 394500 0.624952
chr1 395000 395500 0.277088
chr1 396000 396500 0.984306
chr1 397000 397500 0.726009
chr1 398000 398500 0.999539
chr1 399000 399500 0.197115
chr1 400000 400500 0.550158
chr1 401000 401500 0.927781
chr1 402000 402500 0.67543
chr1 403000 403500 0.561532
chr1 404000 404500 0.363553
chr1 405000 405500 0.467156
chr1 406000 406500 0.185553
chr1 407000 407500 0.180661
chr1 408000 408500 0.367216
chr1 409000 409500 0.0712273
chr1 410000 410500 0.865142
chr1 411000 411500 0.299785
chr1 412000 412500 0.396195
chr1 413000 413500 0.857758
chr1 414000 414500 0.189953
chr1 415000 415500 0.748722
chr1 416000 416500 0.166493
chr1 417000 417500 0.677961
chr1 418000 418500 0.22475
chr1 419000 419500 0.884334
chr1 420000 420500 0.493176
chr1 421000 421500 0.265437
chr1 422000 422500 0.572969
chr1 423000 423500 0.433344
chr1 424000 424500 0.499409
chr1 425000 425500 0.985134
chr1 426000 426500 0.307788
chr1 427000 427500 0.835301
chr1 428000 428500 0.842838
chr1 429000 429500 0.0287602
chr1 430000 430500 0.736027
chr1 431000 431500 0.251824
chr1 432000 432500 0.617729
chr1 433000 433500 0.636066
chr1 434000 434500 0.15048
chr1 435000 435500 0.965105
chr1 436000 436500 0.211947
chr1 437000 437500 0.758134
chr1 438000 438500 0.080418
chr1 439000 439500 0.217439
chr1 440000 440500 0.760082
chr1 441000 441500 0.00188016
chr1 442000 442500 0.487254
chr1 443000 443500 0.248644
chr1 444000 444500 0.578359
chr1 445000 445500 0.487336
chr1 446000 446500 0.43637
chr1 447000 447500 0.533264
chr1 448000 448500 0.00654204
chr1 449000 449500 0.129245
chr1 450000 450500 0.0777972
chr1 451000 451500 0.877803
chr1 452000 452500 0.803734
chr1 453000 453500 0.724239
chr1 454000 454500 0.30318
chr1 455000 455500 0.321633
chr1 456000 456500 0.0140639
chr1 457000 457500 0.639015
chr1 458000 458500 0.916104
chr1 459000 459500 0.90041
chr1 460000 460500 0.626419
chr1 461000 461500 0.625958
chr1 462000 462500 0.823073
chr1 463000 463500 0.373231
chr1 464000 464500 0.301012
chr1 465000 465500 0.976442
chr1 466000 466500 0.537974
chr1 467000 467500 0.901527
chr1 468000 468500 0.368683
chr1 469000 469500 0.554236
chr1 470000 470500 0.734897
chr1 471000 471500 0.102113
chr1 472000 472500 0.17334
chr1 473000 473500 0.0384823
chr1 474000 474500 0.338267
chr1 475000 475500 0.734463
chr1 476000 476500 0.59222
chr1 477000 477500 0.782173
chr1 478000 478500 0.530895
chr1 479000 479500 0.697388
chr1 480000 480500 0.375349
chr1 481000 481500 0.600099
chr1 482000 482500 0.484433
chr1 483000 483500 0.977609
chr1 484000 484500 0.243046
chr1 485000 485500 0.816015
chr1 486000 486500 0.249359
chr1 487000 487500 0.748768
chr1 488000 488500 0.733903
chr1 489000 489500 0.0416902
chr1 490000 490500 0.876991
chr1 491000 491500 0.719829
chr1 492000 492500 0.748589
chr1 493000 493500 0.484616
chr1 494000 494500 0.73644
chr1 495000 495500 0.354168
chr1 496000 496500 0.990234
chr1 497000 497500 0.140714
chr1 498000 498500 0.10582
chr1 499000 499500 0.317767
chr1 500000 500500 0.0759002
chr1 501000 501500 0.156318
chr1 502000 502500 0.373758
chr1 503000 503500 0.13384
chr1 504000 504500 0.13572
chr1 505000 505500 0.622974
chr1 506000 506500 0.871618
chr1 507000 507500 0.449977
chr1 508000 508500 0.937314
chr1 509000 509500 0.373684
chr1 510000 510500 0.906948
chr1 511000 511500 0.91349
chr1 512000 512500 0.0427351
chr1 513000 513500 0.120532
chr1 514000 514500 0.998335
chr1 515000 515500 0.802069
chr1 516000 516500 0.526308
chr1 517000 517500 0.829488
chr1 518000 518500 0.15112
chr1 519000 519500 0.165184
chr1 520000 520500 0.8042
chr1 521000 521500 0.720303
chr1 522000 522500 0.620713
chr1 523000 523500 0.247132
chr1 524000 524500 0.87309
chr1 525000 525500 0.696163
chr1 526000 526500 0.0693941
chr1 527000 527500 0.370406
chr1 528000 528500 0.346848
chr1 529000 529500 0.884823
chr1 530000 530500 0.78635
chr1 531000 531500 0.155033
chr1 532000 532500 0.709269
chr1 533000 533500 0.444166
chr1 534000 534500 0.546278
chr1 535000 535500 0.719619
chr1 536000 536500 0.758101
chr1 537000 537500 0.0963681
chr1 538000 538500 0.830831
chr1 539000 539500 0.423051
chr1 540000 540500 0.205224
chr1 541000 541500 0.736119
chr1 542000 542500 0.433507
chr1 543000 543500 0.808856
chr1 544000 544500 0.408955
chr1 545000 545500 0.893388
chr1 546000 546500 0.870997
chr1 547000 547500 0.114043
chr1 548000 548500 0.930059
chr1 549000 549500 0.179418
chr1 550000 550500 0.928186
chr1 551000 551500 0.662089
chr1 552000 552500 0.703779
chr1 553000 553500 0.58077
chr1 554000 554500 0.300599
chr1 555000 555500 0.049188
chr1 556000 556500 0.533804
chr1 557000 557500 0.270243
chr1 558000 558500 0.624412
chr1 559000 559500 0.614646
chr1 560000 560500 0.755361
chr1 561000 561500 0.86118
chr1 562000 562500 0.178947
chr1 563000 563500 0.254847
chr1 564000 564500 0.411165
chr1 565000 565500 0.784923
chr1 566000 566500 0.918763
chr1 567000 567500 0.0544826
chr1 568000 568500 0.677457
chr1 569000 569500 0.549075
chr1 570000 570500 0.999052
chr1 571000 571500 0.936366
chr1 572000 572500 0.31005
chr1 573000 573500 0.216998
chr1 574000 574500 0.130488
chr1 575000 575500 0.173223
chr1 576000 576500 0.293755
chr1 577000 577500 0.292091
chr1 578000 578500 0.0941593
chr1 579000 579500 0.620467
chr1 580000 580500 0.449955
chr1 581000 581500 0.601075
chr1 582000 582500 0.76626
chr1 583000 583500 0.570459
chr1 584000 584500 0.290762
chr1 585000 585500 0.911476
chr1 586000 586500 0.158607
chr1 587000 587500 0.0316973
chr1 588000 588500 0.72786
chr1 589000 589500 0.797255
chr1 590000 590500 0.167661
chr1 591000 591500 0.514509
chr1 592000 592500 0.399332
chr1 593000 593500 0.185682
chr1 594000 594500 0.340714
chr1 595000 595500 0.049983
chr1 596000 596500 0.494148
chr1 597000 597500 0.0404269
chr1 598000 598500 0.760046
chr1 599000 599500 0.518146
chr1 600000 600500 0.614515
chr1 601000 601500 0.445345
chr1 602000 602500 0.868396
chr1 603000 603500 0.07362
chr1 604000 604500 0.809739
chr1 605000 605500 0.243246
chr1 606000 606500 0.0521023
chr1 607000 607500 0.461058
chr1 608000 608500 0.354446
chr1 609000 609500 0.225443
chr1 610000 610500 0.339486
chr1 611000 611500 0.269544
chr1 612000 612500 0.448962
chr1 613000 613500 0.377149
chr1 614000 614500 0.0392373
chr1 615000 615500 0.743016
chr1 616000 616500 0.323786
chr1 617000 617500 0.624385
chr1 618000 618500 0.673573
chr1 619000 619500 0.207377
chr1 620000 620500 0.47762
chr1 621000 621500 0.102032
chr1 622000 622500 0.716678
chr1 623000 623500 0.472039
chr1 624000 624500 0.333219
chr1 625000 625500 0.512166
chr1 626000 626500 0.767013
chr1 627000 627500 0.178178
chr1 628000 628500 0.963101
chr1 629000 629500 0.881864
chr1 630000 630500 0.936346
chr1 631000 631500 0.613803
chr1 632000 632500 0.162878
chr1 633000 633500 0.16193
chr1 634000 634500 0.0982959
chr1 635000 635500 0.408346
chr1 636000 636500 0.625344
chr1 637000 637500 0.755832
chr1 638000 638500 0.929055
chr1 639000 639500 0.22281
chr1 640000 640500 0.514901
chr1 641000 641500 0.60906
chr1 642000 642500 0.229527
chr1 643000 643500 0.679482
chr1 644000 644500 0.280558
chr1 645000 645500 0.0468174
chr1 646000 646500 0.617277
chr1 647000 647500 0.908039
chr1 648000 648500 0.819515
chr1 649000 649500 0.978122
chr1 650000 650500 0.0098194
chr1 651000 651500 0.73768
chr1 652000 652500 0.534935
chr1 653000 653500 0.702595
chr1 654000 654500 0.217105
chr1 655000 655500 0.616437
chr1 656000 656500 0.802118
chr1 657000 657500 0.142832
chr1 658000 658500 0.192815
chr1 659000 659500 0.686964
chr1 660000 660500 0.727391
chr1 661000 661500 0.487436
chr1 662000 662500 0.00558285
chr1 663000 663500 0.620097
chr1 664000 664500 0.0654428
chr1 665000 665500 0.933839
chr1 666000 666500 0.00745887
chr1 667000 667500 0.817198
chr1 668000 668500 0.060444
chr1 669000 669500 0.112546
chr1 670000 670500 0.573604
chr1 671000 671500 0.92805
chr1 672000 672500 0.153492
chr1 673000 673500 0.492978
chr1 674000 674500 0.762523
chr1 675000 675500 0.211485
chr1 676000 676500 0.588633
chr1 677000 677500 0.627871
chr1 678000 678500 0.370887
chr1 679000 679500 0.694673
chr1 680000 680500 0.319058
chr1 681000 681500 0.992631
chr1 682000 682500 0.200008
chr1 683000 683500 0.677629
chr1 684000 684500 0.779661
chr1 685000 685500 0.496339
chr1 686000 686500 0.968379
chr1 687000 687500 0.301598
chr1 688000 688500 0.813764
chr1 689000 689500 0.580777
chr1 690000 690500 0.758955
chr1 691000 691500 0.722056
chr1 692000 692500 0.603919
chr1 693000 693500 0.540266
chr1 694000 694500 0.154068
chr1 695000 695500 0.316946
chr1 696000 696500 0.478876
chr1 697000 697500 0.577172
chr1 698000 698500 0.985518
chr1 699000 699500 0.610861
chr1 700000 700500 0.366693
chr1 701000 701500 0.295748
chr1 702000 702500 0.518558
chr1 703000 703500 0.0334582
chr1 704000 704500 0.642518
chr1 705000 705500 0.872045
chr1 706000 706500 0.551528
chr1 707000 707500 0.832086
chr1 708000 708500 0.878903
chr1 709000 709500 0.496179
chr1 710000 710500 0.404218
chr1 711000 711500 0.223733
chr1 712000 712500 0.201855
chr1 713000 713500 0.211675
chr1 714000 714500 0.949354
chr1 715000 715500 0.484289
chr1 716000 716500 0.186884
chr1 717000 717500 0.403989
chr1 718000 718500 0.0204256
chr1 719000 719500 0.822544
chr1 720000 720500 0.965376
chr1 721000 721500 0.158192
chr1 722000 722500 0.845156
chr1 723000 723500 0.572546
chr1 724000 724500 0.0599828
chr1 725000 725500 0.0655656
chr1 726000 726500 0.685663
chr1 727000 727500 0.751106
chr1 728000 728500 0.684945
chr1 729000 729500 0.692404
chr1 730000 730500 0.509601
chr1 731000 731500 0.570045
chr1 732000 732500 0.682592
chr1 733000 733500 0.256196
chr1 734000 734500 0.184245
chr1 735000 735500 0.337737
chr1 736000 736500 0.830716
chr1 737000 737500 0.593238
chr1 738000 738500 0.804723
chr1 739000 739500 0.393356
chr1 740000 740500 0.0212271
chr1 741000 741500 0.392114
chr1 742000 742500 0.0867869
chr1 743000 743500 0.405845
chr1 744000 744500 0.398476
chr1 745000 745500 0.598485
chr1 746000 746500 0.276114
chr1 747000 747500 0.0557746
chr1 748000 748500 0.552114
chr1 749000 749500 0.520493
chr1 750000 750500 0.82209
chr1 751000 751500 0.635854
chr1 752000 752500 0.216631
chr1 753000 753500 0.975586
chr1 754000 754500 0.697641
chr1 755000 755500 0.301561
chr1 756000 756500 0.841826
chr1 757000 757500 0.995895
chr1 758000 758500 0.312841
chr1 759000 759500 0.791717
chr1 760000 760500 0.368889
chr1 761000 761500 0.354407
chr1 762000 762500 0.965268
chr1 763000 763500 0.331961
chr1 764000 764500 0.627708
chr1 765000 765500 0.146266
chr1 766000 766500 0.179724
chr1 767000 767500 0.822242
chr1 768000 768500 0.694288
chr1 769000 769500 0.245815
chr1 770000 770500 0.077901
chr1 771000 771500 0.956804
chr1 772000 772500 0.452983
chr1 773000 773500 0.857202
chr1 774000 774500 0.0809349
chr1 775000 775500 0.28279
chr1 776000 776500 0.494465
chr1 777000 777500 0.443819
chr1 778000 778500 0.928108
chr1 779000 779500 0.114992
chr1 780000 780500 0.518981
chr1 781000 781500 0.539407
chr1 782000 782500 0.36195
chr1 783000 783500 0.327327
chr1 784000 784500 0.485518
chr1 785000 785500 0.330674
chr1 786000 786500 0.90322
chr1 787000 787500 0.963203
chr1 788000 788500 0.0287686
chr1 789000 789500 0.714432
chr1 790000 790500 0.465537
chr1 791000 791500 0.150482
chr1 792000 792500 0.842886
chr1 793000 793500 0.352487
chr1 794000 794500 0.922533
chr1 795000 795500 0.605125
chr1 796000 796500 0.86132
chr1 797000 797500 0.0455656
chr1 798000 798500 0.383303
chr1 799000 799500 0.214019
chr1 800000 800500 0.807257
chr1 801000 801500 0.61198
chr1 802000 802500 0.00533623
chr1 803000 803500 0.0265633
chr1 804000 804500 0.418677
chr1 805000 805500 0.505464
chr1 806000 806500 0.911309
chr1 807000 807500 0.309786
chr1 808000 808500 0.90827
chr1 809000 809500 0.184384
chr1 810000 810500 0.240159
chr1 811000 811500 0.792273
chr1 812000 812500 0.312765
chr1 813000 813500 0.134856
chr1 814000 814500 0.77071
chr1 815000 815500 0.987341
chr1 816000 816500 0.962927
chr1 817000 817500 0.660568
chr1 818000 818500 0.962129
chr1 819000 819500 0.803955
chr1 820000 820500 0.79985
chr1 821000 821500 0.112691
chr1 822000 822500 0.904408
chr1 823000 823500 0.273297
chr1 824000 824500 0.627704
chr1 825000 825500 0.592972
chr1 826000 826500 0.924933
chr1 827000 827500 0.552641
chr1 828000 828500 0.698907
chr1 829000 829500 0.878632
chr1 830000 830500 0.700874
chr1 831000 831500 0.395162
chr1 832000 832500 0.640977
chr1 833000 833500 0.718878
chr1 834000 834500 0.675682
chr1 835000 835500 0.128665
chr1 836000 836500 0.985867
chr1 837000 837500 0.066802
chr1 838000 838500 0.349592
chr1 839000 839500 0.844057
chr1 840000 840500 0.287876
chr1 841000 841500 0.215983
chr1 842000 842500 0.330976
chr1 843000 843500 0.849957
chr1 844000 844500 0.389364
chr1 845000 845500 0.751314
chr1 846000 846500 0.0786409
chr1 847000 847500 0.564159
chr1 848000 848500 0.894833
chr1 849000 849500 0.798053
chr1 850000 850500 0.761256
chr1 851000 851500 0.790024
chr1 852000 852500 0.504456
chr1 853000 853500 0.969993
chr1 854000 854500 0.120476
chr1 855000 855500 0.963362
chr1 856000 856500 0.315849
chr1 857000 857500 0.238382
chr1 858000 858500 0.843506
chr1 859000 859500 0.704827
chr1 860000 860500 0.750392
chr1 861000 861500 0.133695
chr1 862000 862500 0.347714
chr1 863000 863500 0.154971
chr1 864000 864500 0.76695
chr1 865000 865500 0.772287
chr1 866000 866500 0.79885
chr1 867000 867500 0.217527
chr1 868000 868500 0.722991
chr1 869000 869500 0.6343
chr1 870000 870500 0.944086
chr1 871000 871500 0.852356
chr1 872000 872500 0.0367403
chr1 873000 873500 0.276899
chr1 874000 874500 0.0691718
chr1 875000 875500 0.381937
chr1 876000 876500 0.516793
chr1 877000 877500 0.287503
chr1 878000 878500 0.274844
chr1 879000 879500 0.237771
chr1 880000 880500 0.898339
chr1 881000 881500 0.860468
chr1 882000 882500 0.664423
chr1 883000 883500 0.464273
chr1 884000 884500 0.576964
chr1 885000 885500 0.481372
chr1 886000 886500 0.754669
chr1 887000 887500 0.382373
chr1 888000 888500 0.975346
chr1 889000 889500 0.900279
chr1 890000 890500 0.45292
chr1 891000 891500 0.151828
chr1 892000 892500 0.0304592
chr1 893000 893500 0.731333
chr1 894000 894500 0.126495
chr1 895000 895500 0.767472
chr1 896000 896500 0.48635
chr1 897000 897500 0.162032
chr1 898000 898500 0.290697
chr1 899000 899500 0.276564
chr1 900000 900500 0.343366
chr1 901000 901500 0.692958
chr1 902000 902500 0.537015
chr1 903000 903500 0.824891
chr1 904000 904500 0.0408739
chr1 905000 905500 0.37185
chr1 906000 906500 0.221807
chr1 907000 907500 0.61117
chr1 908000 908500 0.362485
chr1 909000 909500 0.441126
chr1 910000 910500 0.00528459
chr1 911000 911500 0.900117
chr1 912000 912500 0.69817
chr1 913000 913500 0.459426
chr1 914000 914500 0.24945
chr1 915000 915500 0.753906
chr1 916000 916500 0.7239
chr1 917000 917500 0.844376
chr1 918000 918500 0.807737
chr1 919000 919500 0.123586
chr1 920000 920500 0.361968
chr1 921000 921500 0.205474
chr1 922000 922500 0.9103
chr1 923000 923500 0.660693
chr1 924000 924500 0.794388
chr1 925000 925500 0.142101
chr1 926000 926500 0.297072
chr1 927000 927500 0.0640223
chr1 928000 928500 0.836309
chr1 929000 929500 0.635159
chr1 930000 930500 0.852686
chr1 931000 931500 0.575677
chr1 932000 932500 0.209977
chr1 933000 933500 0.154063
chr1 934000 934500 0.00641908
chr1 935000 935500 0.0431594
chr1 936000 936500 0.320058
chr1 937000 937500 0.38923
chr1 938000 938500 0.771167
chr1 939000 939500 0.287961
chr1 940000 940500 0.575464
chr1 941000 941500 0.850308
chr1 942000 942500 0.0880783
chr1 943000 943500 0.986417
chr1 944000 944500 0.846884
chr1 945000 945500 0.511307
chr1 946000 946500 0.97558
chr1 947000 947500 0.552544
chr1 948000 948500 0.0339166
chr1 949000 949500 0.788586
chr1 950000 950500 0.170959
chr1 951000 951500 0.146305
chr1 952000 952500 0.0465835
chr1 953000 953500 0.499504
chr1 954000 954500 0.651331
chr1 955000 955500 0.68179
chr1 956000 956500 0.413123
chr1 957000 957500 0.539618
chr1 958000 958500 0.30709
chr1 959000 959500 0.79344
chr1 960000 960500 0.955472
chr1 961000 961500 0.24617
chr1 962000 962500 0.522734
chr1 963000 963500 0.866101
chr1 964000 964500 0.559059
chr1 965000 965500 0.0960743
chr1 966000 966500 0.920965
chr1 967000 967500 0.961839
chr1 968000 968500 0.333688
chr1 969000 969500 0.555495
chr1 970000 970500 0.166665
chr1 971000 971500 0.52915
chr1 972000 972500 0.970276
chr1 973000 973500 0.97556
chr1 974000 974500 0.875677
chr1 975000 975500 0.573848
chr1 976000 976500 0.0332738
chr1 977000 977500 0.282724
chr1 978000 978500 0.0366305
chr1 979000 979500 0.76053
chr1 980000 980500 0.604906
chr1 981000 981500 0.412643
chr1 982000 982500 0.536229
chr1 983000 983500 0.898197
chr1 984000 984500 0.103671
chr1 985000 985500 0.0139715
chr1 986000 986500 0.674664
chr1 987000 987500 0.469052
chr1 988000 988500 0.611153
chr1 989000 989500 0.908225
chr1 990000 990500 0.972247
chr1 991000 991500 0.808556
chr1 992000 992500 0.443715
chr1 993000 993500 0.296401
chr1 994000 994500 0.872078
chr1 995000 995500 0.0820547
chr1 996000 996500 0.236118
chr1 997000 997500 0.242537
chr1 998000 998500 0.285696
chr1 999000 999500 0.605754
