hs2 0 0 0.934273
hs2 250000 250000 0.931526
hs2 500000 500000 0.93263
hs2 750000 750000 0.933727
hs2 1000000 1000000 0.934338
hs2 1250000 1250000 0.925023
hs2 1500000 1500000 0.926538
hs2 1750000 1750000 0.927298
hs2 2000000 2000000 0.92852
hs2 2250000 2250000 0.930399
hs2 2500000 2500000 0.931391
hs2 2750000 2750000 0.931446
hs2 3000000 3000000 0.931501
hs2 3250000 3250000 0.931637
hs2 3500000 3500000 0.93173
hs2 3750000 3750000 0.93189
hs2 4000000 4000000 0.931964
hs2 4250000 4250000 0.932087
hs2 4500000 4500000 0.932154
hs2 4750000 4750000 0.932205
hs2 5000000 5000000 0.932272
hs2 5250000 5250000 0.932453
hs2 5500000 5500000 0.863108
hs2 5750000 5750000 0.850758
hs2 6000000 6000000 0.932792
hs2 6250000 6250000 0.932848
hs2 6500000 6500000 0.933017
hs2 6750000 6750000 0.865332
hs2 7000000 7000000 0.933166
hs2 7250000 7250000 0.933255
hs2 7500000 7500000 0.933405
hs2 7750000 7750000 0.848388
hs2 8000000 8000000 0.855794
hs2 8250000 8250000 0.933775
hs2 8500000 8500000 0.851273
hs2 8750000 8750000 0.934057
hs2 9000000 9000000 0.934218
hs2 9250000 9250000 0.868938
hs2 9500000 9500000 0.849893
hs2 9750000 9750000 0.858727
hs2 10000000 10000000 0.934558
hs2 10250000 10250000 0.92244
hs2 10500000 10500000 0.850725
hs2 10750000 10750000 0.840564
hs2 11000000 11000000 0.922767
hs2 11250000 11250000 0.922952
hs2 11500000 11500000 0.848575
hs2 11750000 11750000 0.858693
hs2 12000000 12000000 0.923605
hs2 12250000 12250000 0.863376
hs2 12500000 12500000 0.924154
hs2 12750000 12750000 0.846169
hs2 13000000 13000000 0.924775
hs2 13250000 13250000 0.92501
hs2 13500000 13500000 0.925172
hs2 13750000 13750000 0.925332
hs2 14000000 14000000 0.92553
hs2 14250000 14250000 0.925648
hs2 14500000 14500000 0.925899
hs2 14750000 14750000 0.925998
hs2 15000000 15000000 0.926207
hs2 15250000 15250000 0.926293
hs2 15500000 15500000 0.926426
hs2 15750000 15750000 0.83442
hs2 16000000 16000000 0.926704
hs2 16250000 16250000 0.846646
hs2 16500000 16500000 0.926883
hs2 16750000 16750000 0.92704
hs2 17000000 17000000 0.927148
hs2 17250000 17250000 0.927195
hs2 17500000 17500000 0.927308
hs2 17750000 17750000 0.827343
hs2 18000000 18000000 0.92749
hs2 18250000 18250000 0.927577
hs2 18500000 18500000 0.927747
hs2 18750000 18750000 0.927927
hs2 19000000 19000000 0.928112
hs2 19250000 19250000 0.928199
hs2 19500000 19500000 0.928346
hs2 19750000 19750000 0.92845
hs2 20000000 20000000 0.92858
hs2 20250000 20250000 0.842459
hs2 20500000 20500000 0.928753
hs2 20750000 20750000 0.928846
hs2 21000000 21000000 0.928935
hs2 21250000 21250000 0.92907
hs2 21500000 21500000 0.929279
hs2 21750000 21750000 0.929395
hs2 22000000 22000000 0.9296
hs2 22250000 22250000 0.929859
hs2 22500000 22500000 0.852907
hs2 22750000 22750000 0.93012
hs2 23000000 23000000 0.866394
hs2 23250000 23250000 0.930414
hs2 23500000 23500000 0.836061
hs2 23750000 23750000 0.93071
hs2 24000000 24000000 0.930834
hs2 24250000 24250000 0.931028
hs2 24500000 24500000 0.931158
hs2 24750000 24750000 0.931225
hs2 25000000 25000000 0.931375
hs2 25250000 25250000 0.852938
hs2 25500000 25500000 0.867109
hs2 25750000 25750000 0.931391
hs2 26000000 26000000 0.9314
hs2 26250000 26250000 0.931411
hs2 26500000 26500000 0.931416
hs2 26750000 26750000 0.861107
hs2 27000000 27000000 0.931427
hs2 27250000 27250000 0.931433
hs2 27500000 27500000 0.931438
hs2 27750000 27750000 0.859519
hs2 28000000 28000000 0.931446
hs2 28250000 28250000 0.846771
hs2 28500000 28500000 0.85156
hs2 28750000 28750000 0.85601
hs2 29000000 29000000 0.869044
hs2 29250000 29250000 0.855701
hs2 29500000 29500000 0.861216
hs2 29750000 29750000 0.816206
hs2 30000000 30000000 0.861341
hs2 30250000 30250000 0.931491
hs2 30500000 30500000 0.931496
hs2 30750000 30750000 0.931503
hs2 31000000 31000000 0.931514
hs2 31250000 31250000 0.826925
hs2 31500000 31500000 0.931536
hs2 31750000 31750000 0.931583
hs2 32000000 32000000 0.931595
hs2 32250000 32250000 0.931607
hs2 32500000 32500000 0.931614
hs2 32750000 32750000 0.931621
hs2 33000000 33000000 0.931633
hs2 33250000 33250000 0.858424
hs2 33500000 33500000 0.802606
hs2 33750000 33750000 0.931662
hs2 34000000 34000000 0.931678
hs2 34250000 34250000 0.93169
hs2 34500000 34500000 0.931704
hs2 34750000 34750000 0.931718
hs2 35000000 35000000 0.93174
hs2 35250000 35250000 0.931764
hs2 35500000 35500000 0.931785
hs2 35750000 35750000 0.931811
hs2 36000000 36000000 0.931822
hs2 36250000 36250000 0.931835
hs2 36500000 36500000 0.830946
hs2 36750000 36750000 0.931848
hs2 37000000 37000000 0.774544
hs2 37250000 37250000 0.931857
hs2 37500000 37500000 0.931862
hs2 37750000 37750000 0.931868
hs2 38000000 38000000 0.93188
hs2 38250000 38250000 0.931888
hs2 38500000 38500000 0.931899
hs2 38750000 38750000 0.869846
hs2 39000000 39000000 0.931907
hs2 39250000 39250000 0.931916
hs2 39500000 39500000 0.931923
hs2 39750000 39750000 0.93193
hs2 40000000 40000000 0.931951
hs2 40250000 40250000 0.931959
hs2 40500000 40500000 0.81838
hs2 40750000 40750000 0.931975
hs2 41000000 41000000 0.931989
hs2 41250000 41250000 0.932007
hs2 41500000 41500000 0.932028
hs2 41750000 41750000 0.932036
hs2 42000000 42000000 0.932042
hs2 42250000 42250000 0.81598
hs2 42500000 42500000 0.93206
hs2 42750000 42750000 0.932074
hs2 43000000 43000000 0.93208
hs2 43250000 43250000 0.835506
hs2 43500000 43500000 0.857055
hs2 43750000 43750000 0.932094
hs2 44000000 44000000 0.849792
hs2 44250000 44250000 0.932114
hs2 44500000 44500000 0.932122
hs2 44750000 44750000 0.932131
hs2 45000000 45000000 0.837234
hs2 45250000 45250000 0.932142
hs2 45500000 45500000 0.932148
hs2 45750000 45750000 0.811877
hs2 46000000 46000000 0.831059
hs2 46250000 46250000 0.932164
hs2 46500000 46500000 0.932173
hs2 46750000 46750000 0.932181
hs2 47000000 47000000 0.851222
hs2 47250000 47250000 0.932194
hs2 47500000 47500000 0.867051
hs2 47750000 47750000 0.932216
hs2 48000000 48000000 0.932225
hs2 48250000 48250000 0.932237
hs2 48500000 48500000 0.932246
hs2 48750000 48750000 0.93226
hs2 49000000 49000000 0.932267
hs2 49250000 49250000 0.932283
hs2 49500000 49500000 0.932302
hs2 49750000 49750000 0.932309
hs2 50000000 50000000 0.932319
hs2 50250000 50250000 0.822833
hs2 50500000 50500000 0.811199
hs2 50750000 50750000 0.726587
hs2 51000000 51000000 0.75615
hs2 51250000 51250000 0.932339
hs2 51500000 51500000 0.932357
hs2 51750000 51750000 0.932377
hs2 52000000 52000000 0.932399
hs2 52250000 52250000 0.932425
hs2 52500000 52500000 0.93244
hs2 52750000 52750000 0.932461
hs2 53000000 53000000 0.932475
hs2 53250000 53250000 0.93249
hs2 53500000 53500000 0.932502
hs2 53750000 53750000 0.932513
hs2 54000000 54000000 0.932523
hs2 54250000 54250000 0.932529
hs2 54500000 54500000 0.738862
hs2 54750000 54750000 0.851794
hs2 55000000 55000000 0.871544
hs2 55250000 55250000 0.932551
hs2 55500000 55500000 0.93256
hs2 55750000 55750000 0.932567
hs2 56000000 56000000 0.93258
hs2 56250000 56250000 0.932593
hs2 56500000 56500000 0.932608
hs2 56750000 56750000 0.932628
hs2 57000000 57000000 0.932658
hs2 57250000 57250000 0.932682
hs2 57500000 57500000 0.932699
hs2 57750000 57750000 0.932712
hs2 58000000 58000000 0.932725
hs2 58250000 58250000 0.932737
hs2 58500000 58500000 0.932744
hs2 58750000 58750000 0.780654
hs2 59000000 59000000 0.832376
hs2 59250000 59250000 0.932758
hs2 59500000 59500000 0.932773
hs2 59750000 59750000 0.932779
hs2 60000000 60000000 0.835947
hs2 60250000 60250000 0.932796
hs2 60500000 60500000 0.790594
hs2 60750000 60750000 0.932804
hs2 61000000 61000000 0.93281
hs2 61250000 61250000 0.932818
hs2 61500000 61500000 0.932833
hs2 61750000 61750000 0.93285
hs2 62000000 62000000 0.932865
hs2 62250000 62250000 0.932878
hs2 62500000 62500000 0.932889
hs2 62750000 62750000 0.932905
hs2 63000000 63000000 0.932915
hs2 63250000 63250000 0.932946
hs2 63500000 63500000 0.93298
hs2 63750000 63750000 0.932992
hs2 64000000 64000000 0.933006
hs2 64250000 64250000 0.933011
hs2 64500000 64500000 0.86805
hs2 64750000 64750000 0.80919
hs2 65000000 65000000 0.933024
hs2 65250000 65250000 0.93303
hs2 65500000 65500000 0.85264
hs2 65750000 65750000 0.837203
hs2 66000000 66000000 0.81798
hs2 66250000 66250000 0.933055
hs2 66500000 66500000 0.933062
hs2 66750000 66750000 0.933071
hs2 67000000 67000000 0.933075
hs2 67250000 67250000 0.933084
hs2 67500000 67500000 0.933096
hs2 67750000 67750000 0.933106
hs2 68000000 68000000 0.933112
hs2 68250000 68250000 0.933119
hs2 68500000 68500000 0.933131
hs2 68750000 68750000 0.933146
hs2 69000000 69000000 0.933155
hs2 69250000 69250000 0.933164
hs2 69500000 69500000 0.933173
hs2 69750000 69750000 0.933182
hs2 70000000 70000000 0.857792
hs2 70250000 70250000 0.933196
hs2 70500000 70500000 0.933204
hs2 70750000 70750000 0.850136
hs2 71000000 71000000 0.933224
hs2 71250000 71250000 0.93324
hs2 71500000 71500000 0.933249
hs2 71750000 71750000 0.850077
hs2 72000000 72000000 0.93326
hs2 72250000 72250000 0.933267
hs2 72500000 72500000 0.933287
hs2 72750000 72750000 0.9333
hs2 73000000 73000000 0.933309
hs2 73250000 73250000 0.933316
hs2 73500000 73500000 0.933339
hs2 73750000 73750000 0.93336
hs2 74000000 74000000 0.823139
hs2 74250000 74250000 0.933368
hs2 74500000 74500000 0.933372
hs2 74750000 74750000 0.933378
hs2 75000000 75000000 0.933387
hs2 75250000 75250000 0.933399
hs2 75500000 75500000 0.93342
hs2 75750000 75750000 0.93343
hs2 76000000 76000000 0.933452
hs2 76250000 76250000 0.933467
hs2 76500000 76500000 0.933481
hs2 76750000 76750000 0.933497
hs2 77000000 77000000 0.933502
hs2 77250000 77250000 0.933516
hs2 77500000 77500000 0.794506
hs2 77750000 77750000 0.933539
hs2 78000000 78000000 0.933567
hs2 78250000 78250000 0.933596
hs2 78500000 78500000 0.933615
hs2 78750000 78750000 0.933631
hs2 79000000 79000000 0.873469
hs2 79250000 79250000 0.93366
hs2 79500000 79500000 0.933667
hs2 79750000 79750000 0.805955
hs2 80000000 80000000 0.796796
hs2 80250000 80250000 0.933677
hs2 80500000 80500000 0.790385
hs2 80750000 80750000 0.933688
hs2 81000000 81000000 0.93371
hs2 81250000 81250000 0.933733
hs2 81500000 81500000 0.93375
hs2 81750000 81750000 0.93377
hs2 82000000 82000000 0.933795
hs2 82250000 82250000 0.933812
hs2 82500000 82500000 0.933828
hs2 82750000 82750000 0.933844
hs2 83000000 83000000 0.933861
hs2 83250000 83250000 0.933869
hs2 83500000 83500000 0.933884
hs2 83750000 83750000 0.933906
hs2 84000000 84000000 0.933924
hs2 84250000 84250000 0.933937
hs2 84500000 84500000 0.933962
hs2 84750000 84750000 0.933975
hs2 85000000 85000000 0.933983
hs2 85250000 85250000 0.933992
hs2 85500000 85500000 0.933999
hs2 85750000 85750000 0.862113
hs2 86000000 86000000 0.934013
hs2 86250000 86250000 0.859643
hs2 86500000 86500000 0.934029
hs2 86750000 86750000 0.934048
hs2 87000000 87000000 0.934054
hs2 87250000 87250000 0.934063
hs2 87500000 87500000 0.934073
hs2 87750000 87750000 0.858638
hs2 88000000 88000000 0.934091
hs2 88250000 88250000 0.934099
hs2 88500000 88500000 0.934114
hs2 88750000 88750000 0.934129
hs2 89000000 89000000 0.934146
hs2 89250000 89250000 0.934166
hs2 89500000 89500000 0.934176
hs2 89750000 89750000 0.934199
hs2 90000000 90000000 0.934212
hs2 91000000 91000000 0.934234
hs2 91250000 91250000 0.93424
hs2 91500000 91500000 0.934264
hs2 91750000 91750000 0.934269
hs2 94750000 94750000 0.934282
hs2 95000000 95000000 0.934294
hs2 95250000 95250000 0.934311
hs2 95500000 95500000 0.934324
hs2 95750000 95750000 0.934344
hs2 96000000 96000000 0.934358
hs2 96250000 96250000 0.93437
hs2 96500000 96500000 0.9344
hs2 96750000 96750000 0.934405
hs2 97000000 97000000 0.934413
hs2 97250000 97250000 0.934433
hs2 97500000 97500000 0.934453
hs2 97750000 97750000 0.934466
hs2 98000000 98000000 0.934486
hs2 98250000 98250000 0.934495
hs2 98500000 98500000 0.934504
hs2 98750000 98750000 0.934514
hs2 99000000 99000000 0.934551
hs2 99250000 99250000 0.934572
hs2 99500000 99500000 0.857574
hs2 99750000 99750000 0.845968
hs2 100000000 100000000 0.827903
hs2 100250000 100250000 0.922353
hs2 100500000 100500000 0.922367
hs2 100750000 100750000 0.922372
hs2 101000000 101000000 0.922378
hs2 101250000 101250000 0.922389
hs2 101500000 101500000 0.922399
hs2 101750000 101750000 0.819041
hs2 102000000 102000000 0.922415
hs2 102250000 102250000 0.922423
hs2 102500000 102500000 0.922434
hs2 102750000 102750000 0.922444
hs2 103000000 103000000 0.92247
hs2 103250000 103250000 0.922486
hs2 103500000 103500000 0.922514
hs2 103750000 103750000 0.922535
hs2 104000000 104000000 0.922544
hs2 104250000 104250000 0.922554
hs2 104500000 104500000 0.922564
hs2 104750000 104750000 0.856297
hs2 105000000 105000000 0.922579
hs2 105250000 105250000 0.922584
hs2 105500000 105500000 0.872293
hs2 105750000 105750000 0.922593
hs2 106000000 106000000 0.9226
hs2 106250000 106250000 0.922615
hs2 106500000 106500000 0.922621
hs2 106750000 106750000 0.922632
hs2 107000000 107000000 0.922647
hs2 107250000 107250000 0.922664
hs2 107500000 107500000 0.922673
hs2 107750000 107750000 0.922681
hs2 108000000 108000000 0.922695
hs2 108250000 108250000 0.922711
hs2 108500000 108500000 0.92273
hs2 108750000 108750000 0.922751
hs2 109000000 109000000 0.922761
hs2 109250000 109250000 0.863282
hs2 109500000 109500000 0.922771
hs2 109750000 109750000 0.922777
hs2 110000000 110000000 0.922794
hs2 110250000 110250000 0.922824
hs2 110500000 110500000 0.922838
hs2 110750000 110750000 0.92285
hs2 111000000 111000000 0.922857
hs2 111250000 111250000 0.922864
hs2 111500000 111500000 0.92288
hs2 111750000 111750000 0.922888
hs2 112000000 112000000 0.922897
hs2 112250000 112250000 0.922902
hs2 112500000 112500000 0.922915
hs2 112750000 112750000 0.922928
hs2 113000000 113000000 0.922943
hs2 113250000 113250000 0.922951
hs2 113500000 113500000 0.922991
hs2 113750000 113750000 0.839294
hs2 114000000 114000000 0.923043
hs2 114250000 114250000 0.923058
hs2 114500000 114500000 0.923106
hs2 114750000 114750000 0.92313
hs2 115000000 115000000 0.860762
hs2 115250000 115250000 0.865852
hs2 115500000 115500000 0.923174
hs2 115750000 115750000 0.923195
hs2 116000000 116000000 0.923215
hs2 116250000 116250000 0.92324
hs2 116500000 116500000 0.923275
hs2 116750000 116750000 0.923311
hs2 117000000 117000000 0.923344
hs2 117250000 117250000 0.923384
hs2 117500000 117500000 0.923435
hs2 117750000 117750000 0.923474
hs2 118000000 118000000 0.923508
hs2 118250000 118250000 0.923537
hs2 118500000 118500000 0.923551
hs2 118750000 118750000 0.923575
hs2 119000000 119000000 0.923584
hs2 119250000 119250000 0.83225
hs2 119500000 119500000 0.92364
hs2 119750000 119750000 0.923659
hs2 120000000 120000000 0.923686
hs2 120250000 120250000 0.92372
hs2 120500000 120500000 0.923758
hs2 120750000 120750000 0.923768
hs2 121000000 121000000 0.861368
hs2 121250000 121250000 0.846422
hs2 121500000 121500000 0.923808
hs2 121750000 121750000 0.923828
hs2 122000000 122000000 0.923851
hs2 122250000 122250000 0.923873
hs2 122500000 122500000 0.923911
hs2 122750000 122750000 0.923928
hs2 123000000 123000000 0.923968
hs2 123250000 123250000 0.923995
hs2 123500000 123500000 0.924034
hs2 123750000 123750000 0.924079
hs2 124000000 124000000 0.924107
hs2 124250000 124250000 0.924139
hs2 124500000 124500000 0.924157
hs2 124750000 124750000 0.924185
hs2 125000000 125000000 0.924208
hs2 125250000 125250000 0.924217
hs2 125500000 125500000 0.924253
hs2 125750000 125750000 0.924293
hs2 126000000 126000000 0.924313
hs2 126250000 126250000 0.924332
hs2 126500000 126500000 0.924359
hs2 126750000 126750000 0.92439
hs2 127000000 127000000 0.924418
hs2 127250000 127250000 0.92443
hs2 127500000 127500000 0.924453
hs2 127750000 127750000 0.924482
hs2 128000000 128000000 0.924506
hs2 128250000 128250000 0.924536
hs2 128500000 128500000 0.924573
hs2 128750000 128750000 0.924595
hs2 129000000 129000000 0.924616
hs2 129250000 129250000 0.924657
hs2 129500000 129500000 0.924689
hs2 129750000 129750000 0.924702
hs2 130000000 130000000 0.924735
hs2 130250000 130250000 0.924766
hs2 130500000 130500000 0.924781
hs2 130750000 130750000 0.924794
hs2 131000000 131000000 0.924815
hs2 131250000 131250000 0.924844
hs2 131500000 131500000 0.924865
hs2 131750000 131750000 0.924883
hs2 132000000 132000000 0.92491
hs2 132250000 132250000 0.924935
hs2 132500000 132500000 0.924968
hs2 132750000 132750000 0.924997
hs2 133000000 133000000 0.925016
hs2 133250000 133250000 0.925028
hs2 133500000 133500000 0.867911
hs2 133750000 133750000 0.925049
hs2 134000000 134000000 0.925067
hs2 134250000 134250000 0.925082
hs2 134500000 134500000 0.925097
hs2 134750000 134750000 0.826157
hs2 135000000 135000000 0.872383
hs2 135250000 135250000 0.925134
hs2 135500000 135500000 0.925149
hs2 135750000 135750000 0.925169
hs2 136000000 136000000 0.925184
hs2 136250000 136250000 0.840528
hs2 136500000 136500000 0.92521
hs2 136750000 136750000 0.925231
hs2 137000000 137000000 0.925251
hs2 137250000 137250000 0.92526
hs2 137500000 137500000 0.925291
hs2 137750000 137750000 0.92531
hs2 138000000 138000000 0.925331
hs2 138250000 138250000 0.92535
hs2 138500000 138500000 0.823874
hs2 138750000 138750000 0.925377
hs2 139000000 139000000 0.925392
hs2 139250000 139250000 0.925405
hs2 139500000 139500000 0.925426
hs2 139750000 139750000 0.92545
hs2 140000000 140000000 0.925494
hs2 140250000 140250000 0.925504
hs2 140500000 140500000 0.925525
hs2 140750000 140750000 0.868747
hs2 141000000 141000000 0.925554
hs2 141250000 141250000 0.925577
hs2 141500000 141500000 0.925587
hs2 141750000 141750000 0.925621
hs2 142000000 142000000 0.866742
hs2 142250000 142250000 0.812928
hs2 142500000 142500000 0.768023
hs2 142750000 142750000 0.925665
hs2 143000000 143000000 0.925679
hs2 143250000 143250000 0.925729
hs2 143500000 143500000 0.925758
hs2 143750000 143750000 0.769751
hs2 144000000 144000000 0.74417
hs2 144250000 144250000 0.808397
hs2 144500000 144500000 0.784748
hs2 144750000 144750000 0.750519
hs2 145000000 145000000 0.819196
hs2 145250000 145250000 0.925889
hs2 145500000 145500000 0.782862
hs2 145750000 145750000 0.786904
hs2 146000000 146000000 0.925953
hs2 146250000 146250000 0.925988
hs2 146500000 146500000 0.926021
hs2 146750000 146750000 0.926035
hs2 147000000 147000000 0.926073
hs2 147250000 147250000 0.926086
hs2 147500000 147500000 0.926094
hs2 147750000 147750000 0.926112
hs2 148000000 148000000 0.926118
hs2 148250000 148250000 0.926126
hs2 148500000 148500000 0.926138
hs2 148750000 148750000 0.926161
hs2 149000000 149000000 0.926169
hs2 149250000 149250000 0.926187
hs2 149500000 149500000 0.790431
hs2 149750000 149750000 0.834687
hs2 150000000 150000000 0.926208
hs2 150250000 150250000 0.926216
hs2 150500000 150500000 0.926231
hs2 150750000 150750000 0.926241
hs2 151000000 151000000 0.926247
hs2 151250000 151250000 0.926253
hs2 151500000 151500000 0.926265
hs2 151750000 151750000 0.926274
hs2 152000000 152000000 0.92628
hs2 152250000 152250000 0.781213
hs2 152500000 152500000 0.926288
hs2 152750000 152750000 0.9263
hs2 153000000 153000000 0.82317
hs2 153250000 153250000 0.926317
hs2 153500000 153500000 0.926339
hs2 153750000 153750000 0.926369
hs2 154000000 154000000 0.92639
hs2 154250000 154250000 0.926417
hs2 154500000 154500000 0.926439
hs2 154750000 154750000 0.926453
hs2 155000000 155000000 0.926462
hs2 155250000 155250000 0.926468
hs2 155500000 155500000 0.926485
hs2 155750000 155750000 0.926507
hs2 156000000 156000000 0.926529
hs2 156250000 156250000 0.926543
hs2 156500000 156500000 0.926565
hs2 156750000 156750000 0.92658
hs2 157000000 157000000 0.836092
hs2 157250000 157250000 0.926592
hs2 157500000 157500000 0.926606
hs2 157750000 157750000 0.926622
hs2 158000000 158000000 0.926631
hs2 158250000 158250000 0.926646
hs2 158500000 158500000 0.926657
hs2 158750000 158750000 0.92667
hs2 159000000 159000000 0.926679
hs2 159250000 159250000 0.804565
hs2 159500000 159500000 0.926697
hs2 159750000 159750000 0.819011
hs2 160000000 160000000 0.92671
hs2 160250000 160250000 0.926723
hs2 160500000 160500000 0.854463
hs2 160750000 160750000 0.926741
hs2 161000000 161000000 0.732651
hs2 161250000 161250000 0.926762
hs2 161500000 161500000 0.926775
hs2 161750000 161750000 0.926781
hs2 162000000 162000000 0.926799
hs2 162250000 162250000 0.926823
hs2 162500000 162500000 0.926832
hs2 162750000 162750000 0.765054
hs2 163000000 163000000 0.926841
hs2 163250000 163250000 0.840264
hs2 163500000 163500000 0.926861
hs2 163750000 163750000 0.926877
hs2 164000000 164000000 0.926886
hs2 164250000 164250000 0.689047
hs2 164500000 164500000 0.926898
hs2 164750000 164750000 0.92691
hs2 165000000 165000000 0.926918
hs2 165250000 165250000 0.799586
hs2 165500000 165500000 0.926928
hs2 165750000 165750000 0.871006
hs2 166000000 166000000 0.92694
hs2 166250000 166250000 0.833555
hs2 166500000 166500000 0.926954
hs2 166750000 166750000 0.926964
hs2 167000000 167000000 0.926969
hs2 167250000 167250000 0.927
hs2 167500000 167500000 0.927015
hs2 167750000 167750000 0.927029
hs2 168000000 168000000 0.927043
hs2 168250000 168250000 0.92705
hs2 168500000 168500000 0.92706
hs2 168750000 168750000 0.927067
hs2 169000000 169000000 0.927082
hs2 169250000 169250000 0.927086
hs2 169500000 169500000 0.927103
hs2 169750000 169750000 0.927109
hs2 170000000 170000000 0.92712
hs2 170250000 170250000 0.92713
hs2 170500000 170500000 0.927141
hs2 170750000 170750000 0.927163
hs2 171000000 171000000 0.927169
hs2 171250000 171250000 0.927177
hs2 171500000 171500000 0.927182
hs2 171750000 171750000 0.927188
hs2 172000000 172000000 0.927202
hs2 172250000 172250000 0.927219
hs2 172500000 172500000 0.927228
hs2 172750000 172750000 0.927241
hs2 173000000 173000000 0.927249
hs2 173250000 173250000 0.927256
hs2 173500000 173500000 0.81448
hs2 173750000 173750000 0.927265
hs2 174000000 174000000 0.927278
hs2 174250000 174250000 0.927286
hs2 174500000 174500000 0.782387
hs2 174750000 174750000 0.927302
hs2 175000000 175000000 0.927315
hs2 175250000 175250000 0.927322
hs2 175500000 175500000 0.927329
hs2 175750000 175750000 0.927339
hs2 176000000 176000000 0.927349
hs2 176250000 176250000 0.927366
hs2 176500000 176500000 0.927372
hs2 176750000 176750000 0.825499
hs2 177000000 177000000 0.92738
hs2 177250000 177250000 0.827296
hs2 177500000 177500000 0.854752
hs2 177750000 177750000 0.725467
hs2 178000000 178000000 0.927399
hs2 178250000 178250000 0.864314
hs2 178500000 178500000 0.927412
hs2 178750000 178750000 0.927418
hs2 179000000 179000000 0.927423
hs2 179250000 179250000 0.467553
hs2 179500000 179500000 0.927437
hs2 179750000 179750000 0.927462
hs2 180000000 180000000 0.927473
hs2 180250000 180250000 0.927481
hs2 180500000 180500000 0.927491
hs2 180750000 180750000 0.927513
hs2 181000000 181000000 0.92753
hs2 181250000 181250000 0.927543
hs2 181500000 181500000 0.927555
hs2 181750000 181750000 0.927564
hs2 182000000 182000000 0.927571
hs2 182250000 182250000 0.927583
hs2 182500000 182500000 0.927591
hs2 182750000 182750000 0.9276
hs2 183000000 183000000 0.927613
hs2 183250000 183250000 0.927622
hs2 183500000 183500000 0.927628
hs2 183750000 183750000 0.927644
hs2 184000000 184000000 0.927665
hs2 184250000 184250000 0.927687
hs2 184500000 184500000 0.927711
hs2 184750000 184750000 0.927731
hs2 185000000 185000000 0.927747
hs2 185250000 185250000 0.927764
hs2 185500000 185500000 0.927782
hs2 185750000 185750000 0.9278
hs2 186000000 186000000 0.927822
hs2 186250000 186250000 0.927844
hs2 186500000 186500000 0.927867
hs2 186750000 186750000 0.927886
hs2 187000000 187000000 0.927906
hs2 187250000 187250000 0.927922
hs2 187500000 187500000 0.927942
hs2 187750000 187750000 0.927964
hs2 188000000 188000000 0.927977
hs2 188250000 188250000 0.927995
hs2 188500000 188500000 0.928011
hs2 188750000 188750000 0.928026
hs2 189000000 189000000 0.928045
hs2 189250000 189250000 0.92807
hs2 189500000 189500000 0.928086
hs2 189750000 189750000 0.825199
hs2 190000000 190000000 0.928106
hs2 190250000 190250000 0.928114
hs2 190500000 190500000 0.928132
hs2 190750000 190750000 0.928154
hs2 191000000 191000000 0.928164
hs2 191250000 191250000 0.928173
hs2 191500000 191500000 0.802498
hs2 191750000 191750000 0.928184
hs2 192000000 192000000 0.835002
hs2 192250000 192250000 0.831881
hs2 192500000 192500000 0.781953
hs2 192750000 192750000 0.928203
hs2 193000000 193000000 0.928216
hs2 193250000 193250000 0.928225
hs2 193500000 193500000 0.928246
hs2 193750000 193750000 0.928266
hs2 194000000 194000000 0.92828
hs2 194250000 194250000 0.928301
hs2 194500000 194500000 0.92832
hs2 194750000 194750000 0.928341
hs2 195000000 195000000 0.928358
hs2 195250000 195250000 0.928377
hs2 195500000 195500000 0.928389
hs2 195750000 195750000 0.92841
hs2 196000000 196000000 0.928416
hs2 196250000 196250000 0.928427
hs2 196500000 196500000 0.928445
hs2 196750000 196750000 0.867653
hs2 197000000 197000000 0.760991
hs2 197250000 197250000 0.928467
hs2 197500000 197500000 0.928475
hs2 197750000 197750000 0.681428
hs2 198000000 198000000 0.928483
hs2 198250000 198250000 0.9285
hs2 198500000 198500000 0.928508
hs2 198750000 198750000 0.928513
hs2 199000000 199000000 0.928524
hs2 199250000 199250000 0.928532
hs2 199500000 199500000 0.928552
hs2 199750000 199750000 0.928572
hs2 200000000 200000000 0.804423
hs2 200250000 200250000 0.928592
hs2 200500000 200500000 0.928598
hs2 200750000 200750000 0.92861
hs2 201000000 201000000 0.754507
hs2 201250000 201250000 0.928624
hs2 201500000 201500000 0.928635
hs2 201750000 201750000 0.928645
hs2 202000000 202000000 0.928671
hs2 202250000 202250000 0.928681
hs2 202500000 202500000 0.759961
hs2 202750000 202750000 0.928687
hs2 203000000 203000000 0.928696
hs2 203250000 203250000 0.928713
hs2 203500000 203500000 0.92873
hs2 203750000 203750000 0.928737
hs2 204000000 204000000 0.928741
hs2 204250000 204250000 0.928748
hs2 204500000 204500000 0.81483
hs2 204750000 204750000 0.830194
hs2 205000000 205000000 0.928764
hs2 205250000 205250000 0.864636
hs2 205500000 205500000 0.928775
hs2 205750000 205750000 0.928778
hs2 206000000 206000000 0.808605
hs2 206250000 206250000 0.863047
hs2 206500000 206500000 0.928792
hs2 206750000 206750000 0.928797
hs2 207000000 207000000 0.928808
hs2 207250000 207250000 0.928815
hs2 207500000 207500000 0.928828
hs2 207750000 207750000 0.767387
hs2 208000000 208000000 0.928844
hs2 208250000 208250000 0.928853
hs2 208500000 208500000 0.754432
hs2 208750000 208750000 0.928864
hs2 209000000 209000000 0.928882
hs2 209250000 209250000 0.928907
hs2 209500000 209500000 0.928931
hs2 209750000 209750000 0.928956
hs2 210000000 210000000 0.928966
hs2 210250000 210250000 0.928971
hs2 210500000 210500000 0.928977
hs2 210750000 210750000 0.928993
hs2 211000000 211000000 0.929019
hs2 211250000 211250000 0.804921
hs2 211500000 211500000 0.929039
hs2 211750000 211750000 0.929048
hs2 212000000 212000000 0.929058
hs2 212250000 212250000 0.871228
hs2 212500000 212500000 0.929067
hs2 212750000 212750000 0.929076
hs2 213000000 213000000 0.929083
hs2 213250000 213250000 0.929098
hs2 213500000 213500000 0.929104
hs2 213750000 213750000 0.773313
hs2 214000000 214000000 0.92913
hs2 214250000 214250000 0.929142
hs2 214500000 214500000 0.929167
hs2 214750000 214750000 0.929204
hs2 215000000 215000000 0.929215
hs2 215250000 215250000 0.929233
hs2 215500000 215500000 0.929257
hs2 215750000 215750000 0.929316
hs2 216000000 216000000 0.839517
hs2 216250000 216250000 0.837452
hs2 216500000 216500000 0.929375
hs2 216750000 216750000 0.929388
hs2 217000000 217000000 0.929397
hs2 217250000 217250000 0.85346
hs2 217500000 217500000 0.929428
hs2 217750000 217750000 0.929458
hs2 218000000 218000000 0.802627
hs2 218250000 218250000 0.929493
hs2 218500000 218500000 0.834855
hs2 218750000 218750000 0.929516
hs2 219000000 219000000 0.929547
hs2 219250000 219250000 0.92957
hs2 219500000 219500000 0.929582
hs2 219750000 219750000 0.839198
hs2 220000000 220000000 0.929608
hs2 220250000 220250000 0.855547
hs2 220500000 220500000 0.873391
hs2 220750000 220750000 0.827762
hs2 221000000 221000000 0.929689
hs2 221250000 221250000 0.866095
hs2 221500000 221500000 0.819815
hs2 221750000 221750000 0.868242
hs2 222000000 222000000 0.77666
hs2 222250000 222250000 0.82381
hs2 222500000 222500000 0.929821
hs2 222750000 222750000 0.800013
hs2 223000000 223000000 0.929856
hs2 223250000 223250000 0.92987
hs2 223500000 223500000 0.929892
hs2 223750000 223750000 0.92991
hs2 224000000 224000000 0.929926
hs2 224250000 224250000 0.851333
hs2 224500000 224500000 0.837357
hs2 224750000 224750000 0.929958
hs2 225000000 225000000 0.871615
hs2 225250000 225250000 0.929973
hs2 225500000 225500000 0.783105
hs2 225750000 225750000 0.929989
hs2 226000000 226000000 0.93
hs2 226250000 226250000 0.873011
hs2 226500000 226500000 0.930025
hs2 226750000 226750000 0.930036
hs2 227000000 227000000 0.930057
hs2 227250000 227250000 0.811317
hs2 227500000 227500000 0.930094
hs2 227750000 227750000 0.930102
hs2 228000000 228000000 0.930113
hs2 228250000 228250000 0.930132
hs2 228500000 228500000 0.930151
hs2 228750000 228750000 0.930171
hs2 229000000 229000000 0.930192
hs2 229250000 229250000 0.9302
hs2 229500000 229500000 0.930219
hs2 229750000 229750000 0.862872
hs2 230000000 230000000 0.930237
hs2 230250000 230250000 0.82939
hs2 230500000 230500000 0.930273
hs2 230750000 230750000 0.930298
hs2 231000000 231000000 0.930334
hs2 231250000 231250000 0.930348
hs2 231500000 231500000 0.930356
hs2 231750000 231750000 0.930364
hs2 232000000 232000000 0.930395
hs2 232250000 232250000 0.869587
hs2 232500000 232500000 0.930417
hs2 232750000 232750000 0.930425
hs2 233000000 233000000 0.930447
hs2 233250000 233250000 0.93046
hs2 233500000 233500000 0.930477
hs2 233750000 233750000 0.857572
hs2 234000000 234000000 0.930506
hs2 234250000 234250000 0.930539
hs2 234500000 234500000 0.930558
hs2 234750000 234750000 0.930566
hs2 235000000 235000000 0.864423
hs2 235250000 235250000 0.930587
hs2 235500000 235500000 0.930594
hs2 235750000 235750000 0.930608
hs2 236000000 236000000 0.861879
hs2 236250000 236250000 0.856475
hs2 236500000 236500000 0.856959
hs2 236750000 236750000 0.863401
hs2 237000000 237000000 0.930645
hs2 237250000 237250000 0.857546
hs2 237500000 237500000 0.853274
hs2 237750000 237750000 0.930689
hs2 238000000 238000000 0.860378
hs2 238250000 238250000 0.930719
hs2 238500000 238500000 0.930736
hs2 238750000 238750000 0.930749
hs2 239000000 239000000 0.930762
hs2 239250000 239250000 0.930775
hs2 239500000 239500000 0.930796
hs2 239750000 239750000 0.87123
hs2 240000000 240000000 0.86241
hs2 240250000 240250000 0.930831
hs2 240500000 240500000 0.930864
hs2 240750000 240750000 0.930896
hs2 241000000 241000000 0.93092
hs2 241250000 241250000 0.930949
hs2 241500000 241500000 0.930968
hs2 241750000 241750000 0.930976
hs2 242000000 242000000 0.931
hs2 242250000 242250000 0.93103
hs2 242500000 242500000 0.931066
hs2 242750000 242750000 0.931075
