hs2 0 0 0.615309640517241379
hs2 250000 250000 0.601629336546184739
hs2 500000 500000 0.690005312109375
hs2 750000 750000 0.7017084272
hs2 1000000 1000000 0.6918242828
hs2 1250000 1250000 0.667915402834008097
hs2 1500000 1500000 0.64750637928
hs2 1750000 1750000 0.640552581457489879
hs2 2000000 2000000 0.641480744488188977
hs2 2250000 2250000 0.640809541666666667
hs2 2500000 2500000 0.648480119714285714
hs2 2750000 2750000 0.6769880794
hs2 3000000 3000000 0.662137768182186235
hs2 3250000 3250000 0.64159659437751004
hs2 3500000 3500000 0.57891490447761194
hs2 3750000 3750000 0.599177842909836066
hs2 4000000 4000000 0.623627544166666667
hs2 4250000 4250000 0.59673006935483871
hs2 4500000 4500000 0.624366923943089431
hs2 4750000 4750000 0.621979434024896266
hs2 5000000 5000000 0.60810320945945946
hs2 5250000 5250000 0.608740027272727273
hs2 5500000 5500000 0.566338689561752988
hs2 5750000 5750000 0.575268803257142857
hs2 6000000 6000000 0.619677615853658537
hs2 6250000 6250000 0.566344765846774193
hs2 6500000 6500000 0.563015254512195122
hs2 6750000 6750000 0.554051343388429752
hs2 7000000 7000000 0.628866462448979592
hs2 7250000 7250000 0.598842855020408163
hs2 7500000 7500000 0.536154242285714286
hs2 7750000 7750000 0.545362898204081633
hs2 8000000 8000000 0.525042622222222222
hs2 8250000 8250000 0.539829295428571429
hs2 8500000 8500000 0.5529164592
hs2 8750000 8750000 0.482617277451612903
hs2 9000000 9000000 0.52681748708
hs2 9250000 9250000 0.5894977812
hs2 9500000 9500000 0.46636128444
hs2 9750000 9750000 0.572241903534136546
hs2 10000000 10000000 0.488040555
hs2 10250000 10250000 0.638919702419354839
hs2 10500000 10500000 0.603814795652173913
hs2 10750000 10750000 0.5113235472
hs2 11000000 11000000 0.60829803525
hs2 11250000 11250000 0.471959327410358566
hs2 11500000 11500000 0.529722176
hs2 11750000 11750000 0.55358119852
hs2 12000000 12000000 0.543184164959677419
hs2 12250000 12250000 0.543707847967479675
hs2 12500000 12500000 0.535679830612244898
hs2 12750000 12750000 0.531859823613445378
hs2 13000000 13000000 0.545376985772357724
hs2 13250000 13250000 0.603551925203252032
hs2 13500000 13500000 0.678727297154471545
hs2 13750000 13750000 0.630221711522633745
hs2 14000000 14000000 0.6129455428
hs2 14250000 14250000 0.572875439271255061
hs2 14500000 14500000 0.623351581619433198
hs2 14750000 14750000 0.501383728278688525
hs2 15000000 15000000 0.537801048739495798
hs2 15250000 15250000 0.5190078496
hs2 15500000 15500000 0.425565921285140562
hs2 15750000 15750000 0.490137470285714286
hs2 16000000 16000000 0.533876428809523809
hs2 16250000 16250000 0.520433738205128205
hs2 16500000 16500000 0.502012531048387097
hs2 16750000 16750000 0.551157739240506329
hs2 17000000 17000000 0.603394950857142857
hs2 17250000 17250000 0.506546946341463415
hs2 17500000 17500000 0.4577983703
hs2 17750000 17750000 0.428012944129554656
hs2 18000000 18000000 0.556914431280991736
hs2 18250000 18250000 0.55130174837398374
hs2 18500000 18500000 0.478544824512195122
hs2 18750000 18750000 0.451795947611336032
hs2 19000000 19000000 0.489830414183266932
hs2 19250000 19250000 0.509761458714859438
hs2 19500000 19500000 0.430971112429149798
hs2 19750000 19750000 0.500621770897959183
hs2 20000000 20000000 0.421232695236
hs2 20250000 20250000 0.501154061268292683
hs2 20500000 20500000 0.554596486774193549
hs2 20750000 20750000 0.526936724596774194
hs2 21000000 21000000 0.447702669244444444
hs2 21250000 21250000 0.455849405524193548
hs2 21500000 21500000 0.425197814795081967
hs2 21750000 21750000 0.428389901862348178
hs2 22000000 22000000 0.477532258606557377
hs2 22250000 22250000 0.585022698106995885
hs2 22500000 22500000 0.434747694471544716
hs2 22750000 22750000 0.435506562804878049
hs2 23000000 23000000 0.3959055325
hs2 23250000 23250000 0.428857291510373444
hs2 23500000 23500000 0.438655972469635628
hs2 23750000 23750000 0.453158939260869565
hs2 24000000 24000000 0.448535593897637795
hs2 24250000 24250000 0.452184160513833992
hs2 24500000 24500000 0.395771797580645161
hs2 24750000 24750000 0.343703083293172691
hs2 25000000 25000000 0.542171471887550201
hs2 25250000 25250000 0.4868834364
hs2 25500000 25500000 0.450788401214574899
hs2 25750000 25750000 0.451019023319838057
hs2 26000000 26000000 0.46111663
hs2 26250000 26250000 0.436846954624505929
hs2 26500000 26500000 0.431958196653225806
hs2 26750000 26750000 0.518093415344129555
hs2 27000000 27000000 0.486192054784313726
hs2 27250000 27250000 0.392337367103174603
hs2 27500000 27500000 0.342758284980842912
hs2 27750000 27750000 0.365665733064516129
hs2 28000000 28000000 0.319746194979919679
hs2 28250000 28250000 0.35335886676
hs2 28500000 28500000 0.489371258605577689
hs2 28750000 28750000 0.503085143921568627
hs2 29000000 29000000 0.43776313
hs2 29250000 29250000 0.4420619625
hs2 29500000 29500000 0.396074109243027888
hs2 29750000 29750000 0.407435158185483871
hs2 30000000 30000000 0.394021588259109312
hs2 30250000 30250000 0.482077173548387097
hs2 30500000 30500000 0.46775517125984252
hs2 30750000 30750000 0.486692156382113821
hs2 31000000 31000000 0.532307099176954733
hs2 31250000 31250000 0.468644940691056911
hs2 31500000 31500000 0.572506880416666667
hs2 31750000 31750000 0.715272261572052402
hs2 32000000 32000000 0.415808171904761905
hs2 32250000 32250000 0.463683368274509804
hs2 32500000 32500000 0.391508651581027668
hs2 32750000 32750000 0.426606300836653386
hs2 33000000 33000000 0.51147637868852459
hs2 33250000 33250000 0.430325865145228216
hs2 33500000 33500000 0.415176064108
hs2 33750000 33750000 0.471598807540322581
hs2 34000000 34000000 0.513774182897959184
hs2 34250000 34250000 0.50958609662601626
hs2 34500000 34500000 0.554721821951219512
hs2 34750000 34750000 0.545217555895196506
hs2 35000000 35000000 0.588707629338842975
hs2 35250000 35250000 0.597884184680851064
hs2 35500000 35500000 0.576745459166666667
hs2 35750000 35750000 0.597861104081632653
hs2 36000000 36000000 0.453786908906882591
hs2 36250000 36250000 0.464775244871794872
hs2 36500000 36500000 0.388293262265625
hs2 36750000 36750000 0.467047751776859504
hs2 37000000 37000000 0.352021199362549801
hs2 37250000 37250000 0.379429825472440945
hs2 37500000 37500000 0.382251043780487805
hs2 37750000 37750000 0.445254465587044534
hs2 38000000 38000000 0.487339223243801653
hs2 38250000 38250000 0.505599125714285714
hs2 38500000 38500000 0.493059030972222222
hs2 38750000 38750000 0.417248785226190476
hs2 39000000 39000000 0.323608760039840637
hs2 39250000 39250000 0.382308416483870968
hs2 39500000 39500000 0.3890244116
hs2 39750000 39750000 0.388722845059760956
hs2 40000000 40000000 0.576912509053497943
hs2 40250000 40250000 0.450408146153846154
hs2 40500000 40500000 0.439010581657258065
hs2 40750000 40750000 0.513288913147410358
hs2 41000000 41000000 0.529449929243902439
hs2 41250000 41250000 0.55212390464
hs2 41500000 41500000 0.545242360203252032
hs2 41750000 41750000 0.440545920901639344
hs2 42000000 42000000 0.397381260204081633
hs2 42250000 42250000 0.3622502642
hs2 42500000 42500000 0.451683416561264822
hs2 42750000 42750000 0.52487289437751004
hs2 43000000 43000000 0.527203070781893004
hs2 43250000 43250000 0.502298010803212851
hs2 43500000 43500000 0.344318842379032258
hs2 43750000 43750000 0.373588766260162602
hs2 44000000 44000000 0.367556280326771654
hs2 44250000 44250000 0.464177799771084337
hs2 44500000 44500000 0.351618675378486056
hs2 44750000 44750000 0.302784100981048387
hs2 45000000 45000000 0.418650698897540984
hs2 45250000 45250000 0.470873210414937759
hs2 45500000 45500000 0.359732587489878542
hs2 45750000 45750000 0.440226226294820717
hs2 46000000 46000000 0.519781309638554217
hs2 46250000 46250000 0.53959466836
hs2 46500000 46500000 0.495162248070247934
hs2 46750000 46750000 0.431857957298387097
hs2 47000000 47000000 0.540369913130081301
hs2 47250000 47250000 0.489562798047808765
hs2 47500000 47500000 0.506489977165991903
hs2 47750000 47750000 0.594577389631147541
hs2 48000000 48000000 0.359908419522267206
hs2 48250000 48250000 0.44624938426
hs2 48500000 48500000 0.408666094780876494
hs2 48750000 48750000 0.47041657072983871
hs2 49000000 49000000 0.469078079959839357
hs2 49250000 49250000 0.52230763387755102
hs2 49500000 49500000 0.555347783565573771
hs2 49750000 49750000 0.48300420935483871
hs2 50000000 50000000 0.462951148554216867
hs2 50250000 50250000 0.374175236607287449
hs2 50500000 50500000 0.370893995019762846
hs2 50750000 50750000 0.379961101777327935
hs2 51000000 51000000 0.406746089677419355
hs2 51250000 51250000 0.527190624698795181
hs2 51500000 51500000 0.57361487037037037
hs2 51750000 51750000 0.549497242448979592
hs2 52000000 52000000 0.590937738589211618
hs2 52250000 52250000 0.597427355060728745
hs2 52500000 52500000 0.540524950979591837
hs2 52750000 52750000 0.52839957843373494
hs2 53000000 53000000 0.499740770688259109
hs2 53250000 53250000 0.472026149274193548
hs2 53500000 53500000 0.444249794939271255
hs2 53750000 53750000 0.403877922148760331
hs2 54000000 54000000 0.423598989458823529
hs2 54250000 54250000 0.385418053469387755
hs2 54500000 54500000 0.349769882782258064
hs2 54750000 54750000 0.379047746411290323
hs2 55000000 55000000 0.41220998453815261
hs2 55250000 55250000 0.43930964248
hs2 55500000 55500000 0.364958110119521912
hs2 55750000 55750000 0.379742243004115226
hs2 56000000 56000000 0.389430564257028113
hs2 56250000 56250000 0.506276563016528926
hs2 56500000 56500000 0.520578773089430894
hs2 56750000 56750000 0.542852869045643153
hs2 57000000 57000000 0.634561826104417671
hs2 57250000 57250000 0.602098356177777778
hs2 57500000 57500000 0.525859765342857143
hs2 57750000 57750000 0.469747053020408163
hs2 58000000 58000000 0.421024905079365079
hs2 58250000 58250000 0.395898642644628099
hs2 58500000 58500000 0.353134698553278689
hs2 58750000 58750000 0.284751439801619433
hs2 59000000 59000000 0.298485957782258065
hs2 59250000 59250000 0.416860219317073171
hs2 59500000 59500000 0.455436320251046025
hs2 59750000 59750000 0.376766335987551867
hs2 60000000 60000000 0.340752699907258065
hs2 60250000 60250000 0.429465866743589744
hs2 60500000 60500000 0.321750751823045268
hs2 60750000 60750000 0.376130771072874494
hs2 61000000 61000000 0.403991909880478088
hs2 61250000 61250000 0.398767204852140078
hs2 61500000 61500000 0.483304638582995951
hs2 61750000 61750000 0.506475507228915663
hs2 62000000 62000000 0.463970932301587302
hs2 62250000 62250000 0.504499199959349594
hs2 62500000 62500000 0.530500082329317269
hs2 62750000 62750000 0.413420025546218487
hs2 63000000 63000000 0.302347692950819672
hs2 63250000 63250000 0.516885031169354839
hs2 63500000 63500000 0.506940714485596708
hs2 63750000 63750000 0.371306876383673469
hs2 64000000 64000000 0.355412878461538461
hs2 64250000 64250000 0.375337337024793388
hs2 64500000 64500000 0.45134024875502008
hs2 64750000 64750000 0.34027325369047619
hs2 65000000 65000000 0.563758581124497992
hs2 65250000 65250000 0.458249099721115538
hs2 65500000 65500000 0.421761648346456693
hs2 65750000 65750000 0.42246297872
hs2 66000000 66000000 0.392600329170124481
hs2 66250000 66250000 0.45070844612244898
hs2 66500000 66500000 0.34030531971031746
hs2 66750000 66750000 0.3921111821
hs2 67000000 67000000 0.373346601820408163
hs2 67250000 67250000 0.415733962866396761
hs2 67500000 67500000 0.402349160585774059
hs2 67750000 67750000 0.43045307808097166
hs2 68000000 68000000 0.432782143092369478
hs2 68250000 68250000 0.41529112873015873
hs2 68500000 68500000 0.481025935643153527
hs2 68750000 68750000 0.58749998987704918
hs2 69000000 69000000 0.51890476324291498
hs2 69250000 69250000 0.4746126684
hs2 69500000 69500000 0.409939234430894309
hs2 69750000 69750000 0.460199849642857143
hs2 70000000 70000000 0.421475888114754098
hs2 70250000 70250000 0.464633859256
hs2 70500000 70500000 0.525644096326530612
hs2 70750000 70750000 0.520489923770491803
hs2 71000000 71000000 0.604178422979591837
hs2 71250000 71250000 0.494671767226890756
hs2 71500000 71500000 0.450558853102040816
hs2 71750000 71750000 0.423545712301587302
hs2 72000000 72000000 0.474816223983739838
hs2 72250000 72250000 0.408062119917355372
hs2 72500000 72500000 0.454907525551020408
hs2 72750000 72750000 0.400676995059760956
hs2 73000000 73000000 0.438697845691056911
hs2 73250000 73250000 0.46219750876984127
hs2 73500000 73500000 0.508723305465587045
hs2 73750000 73750000 0.583034697701612904
hs2 74000000 74000000 0.428661648283464567
hs2 74250000 74250000 0.43543591544
hs2 74500000 74500000 0.340017387440944882
hs2 74750000 74750000 0.39673742766798419
hs2 75000000 75000000 0.47420852004048583
hs2 75250000 75250000 0.524348747113360324
hs2 75500000 75500000 0.554438863223140496
hs2 75750000 75750000 0.453081686897959184
hs2 76000000 76000000 0.505395713306451613
hs2 76250000 76250000 0.504041935145833333
hs2 76500000 76500000 0.510133015243902439
hs2 76750000 76750000 0.522019232627118644
hs2 77000000 77000000 0.491198521224489796
hs2 77250000 77250000 0.539640606557377049
hs2 77500000 77500000 0.454416308064516129
hs2 77750000 77750000 0.581918500081632653
hs2 78000000 78000000 0.623024125514403292
hs2 78250000 78250000 0.616559571138211382
hs2 78500000 78500000 0.581115685483870968
hs2 78750000 78750000 0.557249499176954733
hs2 79000000 79000000 0.4984604368
hs2 79250000 79250000 0.671328096086956522
hs2 79500000 79500000 0.502587636546184739
hs2 79750000 79750000 0.465126844534412956
hs2 80000000 80000000 0.457598263346613546
hs2 80250000 80250000 0.457366632753036437
hs2 80500000 80500000 0.389766017478087649
hs2 80750000 80750000 0.482188167632653061
hs2 81000000 81000000 0.595642956378600823
hs2 81250000 81250000 0.585919128237704918
hs2 81500000 81500000 0.567144638306451613
hs2 81750000 81750000 0.61574060693877551
hs2 82000000 82000000 0.637826384362139918
hs2 82250000 82250000 0.589166845161290323
hs2 82500000 82500000 0.606944882987551867
hs2 82750000 82750000 0.567378473966942149
hs2 83000000 83000000 0.589812476963562753
hs2 83250000 83250000 0.565540037656903766
hs2 83500000 83500000 0.558789422226720648
hs2 83750000 83750000 0.602502981046025105
hs2 84000000 84000000 0.568970474493927126
hs2 84250000 84250000 0.494494842276422764
hs2 84500000 84500000 0.576842013414634146
hs2 84750000 84750000 0.417071848204081633
hs2 85000000 85000000 0.51214832056
hs2 85250000 85250000 0.543251666763485477
hs2 85500000 85500000 0.526755019658634538
hs2 85750000 85750000 0.483571468705882353
hs2 86000000 86000000 0.6114641528
hs2 86250000 86250000 0.440591579494163424
hs2 86500000 86500000 0.466143268016194332
hs2 86750000 86750000 0.495931968885245902
hs2 87000000 87000000 0.434385334703557312
hs2 87250000 87250000 0.466281455284552845
hs2 87500000 87500000 0.562737311285714286
hs2 87750000 87750000 0.473294320186234818
hs2 88000000 88000000 0.4939312829218107
hs2 88250000 88250000 0.5121238832
hs2 88500000 88500000 0.548521495102040816
hs2 88750000 88750000 0.546436175
hs2 89000000 89000000 0.641635465040650407
hs2 89250000 89250000 0.676170459504132231
hs2 89500000 89500000 0.667292469072164948
hs2 89750000 89750000 0.68935455805785124
hs2 90000000 90000000 0.687653602235294118
hs2 91000000 91000000 0.613400314028776979
hs2 91250000 91250000 0.552036534081632653
hs2 91500000 91500000 0.578930467024489796
hs2 91750000 91750000 0.672630285714285714
hs2 94750000 94750000 0.558924347513812155
hs2 95000000 95000000 0.621430711619433198
hs2 95250000 95250000 0.587282650396825397
hs2 95500000 95500000 0.611715369477911646
hs2 95750000 95750000 0.614371072540983607
hs2 96000000 96000000 0.592750592244897959
hs2 96250000 96250000 0.502332648949416342
hs2 96500000 96500000 0.703121192468619247
hs2 96750000 96750000 0.482552024573643411
hs2 97000000 97000000 0.607275366150793651
hs2 97250000 97250000 0.641172959388646288
hs2 97500000 97500000 0.651140557845528455
hs2 97750000 97750000 0.54249842995951417
hs2 98000000 98000000 0.544777822631578947
hs2 98250000 98250000 0.525565512398373984
hs2 98500000 98500000 0.530210017114
hs2 98750000 98750000 0.53566496844621514
hs2 99000000 99000000 0.612654604516129032
hs2 99250000 99250000 0.554089018498023715
hs2 99500000 99500000 0.4689079456
hs2 99750000 99750000 0.487163959227642276
hs2 100000000 100000000 0.42641828060483871
hs2 100250000 100250000 0.534922684081632653
hs2 100500000 100500000 0.58103254642
hs2 100750000 100750000 0.558475166801619433
hs2 101000000 101000000 0.528638461541501976
hs2 101250000 101250000 0.568166241164658634
hs2 101500000 101500000 0.56793494439516129
hs2 101750000 101750000 0.470992031181102362
hs2 102000000 102000000 0.641894166129032258
hs2 102250000 102250000 0.583196701619433198
hs2 102500000 102500000 0.531125022540983607
hs2 102750000 102750000 0.5110914252
hs2 103000000 103000000 0.559010321469387755
hs2 103250000 103250000 0.4846888428
hs2 103500000 103500000 0.581346632195121951
hs2 103750000 103750000 0.560182031382113821
hs2 104000000 104000000 0.45991059028340081
hs2 104250000 104250000 0.50912933944
hs2 104500000 104500000 0.413893203280487805
hs2 104750000 104750000 0.384883215872
hs2 105000000 105000000 0.478834895524193548
hs2 105250000 105250000 0.522526341596638655
hs2 105500000 105500000 0.580704678629032258
hs2 105750000 105750000 0.587512017857142857
hs2 106000000 106000000 0.587740912863070539
hs2 106250000 106250000 0.59466756288
hs2 106500000 106500000 0.54438173224
hs2 106750000 106750000 0.527127173654471545
hs2 107000000 107000000 0.580578356720647773
hs2 107250000 107250000 0.587321236653225807
hs2 107500000 107500000 0.553612416532258065
hs2 107750000 107750000 0.489178013911290323
hs2 108000000 108000000 0.536246961306122449
hs2 108250000 108250000 0.594661245458515284
hs2 108500000 108500000 0.545922499372384937
hs2 108750000 108750000 0.524443714744939271
hs2 109000000 109000000 0.577584145967741935
hs2 109250000 109250000 0.602221640163934426
hs2 109500000 109500000 0.590190371962616822
hs2 109750000 109750000 0.570455398367346939
hs2 110000000 110000000 0.495959449956
hs2 110250000 110250000 0.561599545555555555
hs2 110500000 110500000 0.574196588168067227
hs2 110750000 110750000 0.518629445281385282
hs2 111000000 111000000 0.462082378869565217
hs2 111250000 111250000 0.52401506971659919
hs2 111500000 111500000 0.537031226706827309
hs2 111750000 111750000 0.558949532628
hs2 112000000 112000000 0.567813746341463415
hs2 112250000 112250000 0.4697775216
hs2 112500000 112500000 0.51623516253968254
hs2 112750000 112750000 0.426715140073469388
hs2 113000000 113000000 0.538895208495934959
hs2 113250000 113250000 0.495570300201612903
hs2 113500000 113500000 0.580562641976095618
hs2 113750000 113750000 0.497102067745901639
hs2 114000000 114000000 0.487971937732793522
hs2 114250000 114250000 0.492900007408906883
hs2 114500000 114500000 0.486818342204081633
hs2 114750000 114750000 0.493365337298387097
hs2 115000000 115000000 0.491818135365853659
hs2 115250000 115250000 0.448325026425702811
hs2 115500000 115500000 0.569454615163934426
hs2 115750000 115750000 0.539938343089430894
hs2 116000000 116000000 0.541000597540983606
hs2 116250000 116250000 0.539506864919354839
hs2 116500000 116500000 0.636691064876033058
hs2 116750000 116750000 0.663032161316872428
hs2 117000000 117000000 0.624146829875518672
hs2 117250000 117250000 0.603944110447154472
hs2 117500000 117500000 0.576334931958333333
hs2 117750000 117750000 0.594360266554621849
hs2 118000000 118000000 0.593859638945147679
hs2 118250000 118250000 0.537008473706896552
hs2 118500000 118500000 0.445755946260162602
hs2 118750000 118750000 0.480589735967741936
hs2 119000000 119000000 0.481668603673469388
hs2 119250000 119250000 0.457924727561983471
hs2 119500000 119500000 0.579905386134453782
hs2 119750000 119750000 0.553623363455284553
hs2 120000000 120000000 0.5844978304
hs2 120250000 120250000 0.475935539430894309
hs2 120500000 120500000 0.495734625461847389
hs2 120750000 120750000 0.593839711598360656
hs2 121000000 121000000 0.602885952226720648
hs2 121250000 121250000 0.545361841832669323
hs2 121500000 121500000 0.592945488163265306
hs2 121750000 121750000 0.5852502412
hs2 122000000 122000000 0.493259559760956175
hs2 122250000 122250000 0.572250156666666667
hs2 122500000 122500000 0.600646083544303797
hs2 122750000 122750000 0.556446532083333334
hs2 123000000 123000000 0.583371996734693878
hs2 123250000 123250000 0.601471811382113821
hs2 123500000 123500000 0.598223786639676114
hs2 123750000 123750000 0.662378609426229508
hs2 124000000 124000000 0.63066015081300813
hs2 124250000 124250000 0.618147392947368421
hs2 124500000 124500000 0.589712267226890756
hs2 124750000 124750000 0.579953856451612903
hs2 125000000 125000000 0.593279569959349594
hs2 125250000 125250000 0.566009238955823293
hs2 125500000 125500000 0.636661833196721312
hs2 125750000 125750000 0.65197239262295082
hs2 126000000 126000000 0.611776029387755102
hs2 126250000 126250000 0.628336666803278689
hs2 126500000 126500000 0.620612586991869919
hs2 126750000 126750000 0.609890475431034483
hs2 127000000 127000000 0.575649920441666667
hs2 127250000 127250000 0.603355082113821139
hs2 127500000 127500000 0.600617321951219512
hs2 127750000 127750000 0.507416564370517928
hs2 128000000 128000000 0.525222428514056225
hs2 128250000 128250000 0.508375995
hs2 128500000 128500000 0.595665664016064257
hs2 128750000 128750000 0.581162851869918699
hs2 129000000 129000000 0.622007972064777328
hs2 129250000 129250000 0.656531060330578513
hs2 129500000 129500000 0.696748508130081301
hs2 129750000 129750000 0.594473261885245902
hs2 130000000 130000000 0.691723373791666667
hs2 130250000 130250000 0.667730353497942387
hs2 130500000 130500000 0.575817295679012346
hs2 130750000 130750000 0.487746677791164659
hs2 131000000 131000000 0.643619709636
hs2 131250000 131250000 0.664342510152610442
hs2 131500000 131500000 0.55701540243902439
hs2 131750000 131750000 0.54680200376
hs2 132000000 132000000 0.5698701305
hs2 132250000 132250000 0.592827748852459016
hs2 132500000 132500000 0.615501968803418803
hs2 132750000 132750000 0.6352383263640553
hs2 133000000 133000000 0.53157392268
hs2 133250000 133250000 0.41375616888
hs2 133500000 133500000 0.449187062489959839
hs2 133750000 133750000 0.461680150452674897
hs2 134000000 134000000 0.46489727958677686
hs2 134250000 134250000 0.509935678137651822
hs2 134500000 134500000 0.54229526611570248
hs2 134750000 134750000 0.494208452875
hs2 135000000 135000000 0.54094287004048583
hs2 135250000 135250000 0.500857515983606557
hs2 135500000 135500000 0.413239245618473896
hs2 135750000 135750000 0.461506301093117409
hs2 136000000 136000000 0.4431410454743083
hs2 136250000 136250000 0.389064648764940239
hs2 136500000 136500000 0.332319175341365462
hs2 136750000 136750000 0.465943022512096774
hs2 137000000 137000000 0.46978104
hs2 137250000 137250000 0.416713352661290323
hs2 137500000 137500000 0.505507318257261411
hs2 137750000 137750000 0.49747722125
hs2 138000000 138000000 0.521752606882591093
hs2 138250000 138250000 0.543720528266129032
hs2 138500000 138500000 0.39400989658436214
hs2 138750000 138750000 0.414661636380566802
hs2 139000000 139000000 0.443302963373493976
hs2 139250000 139250000 0.408649094574898785
hs2 139500000 139500000 0.454796448901639344
hs2 139750000 139750000 0.46460726810483871
hs2 140000000 140000000 0.577077756451612903
hs2 140250000 140250000 0.468552306048387097
hs2 140500000 140500000 0.498015467634854772
hs2 140750000 140750000 0.409802212064777328
hs2 141000000 141000000 0.471628677479674797
hs2 141250000 141250000 0.461256945222672065
hs2 141500000 141500000 0.458899642317073171
hs2 141750000 141750000 0.551820336991869919
hs2 142000000 142000000 0.449530839919354839
hs2 142250000 142250000 0.457691518780487805
hs2 142500000 142500000 0.382813217479674797
hs2 142750000 142750000 0.508502197975708502
hs2 143000000 143000000 0.495018665020746888
hs2 143250000 143250000 0.553461265720164609
hs2 143500000 143500000 0.473863598347107438
hs2 143750000 143750000 0.305155546983739838
hs2 144000000 144000000 0.28703180065560166
hs2 144250000 144250000 0.290650085726141079
hs2 144500000 144500000 0.309307997968253968
hs2 144750000 144750000 0.25091386701031746
hs2 145000000 145000000 0.207531811753036437
hs2 145250000 145250000 0.321232407200819672
hs2 145500000 145500000 0.321703303117408907
hs2 145750000 145750000 0.374222015384615385
hs2 146000000 146000000 0.455082845224489796
hs2 146250000 146250000 0.426014768232931727
hs2 146500000 146500000 0.502520826520661157
hs2 146750000 146750000 0.413185836265060241
hs2 147000000 147000000 0.483160454327868853
hs2 147250000 147250000 0.501435957489878543
hs2 147500000 147500000 0.422866281733870968
hs2 147750000 147750000 0.485525938163265306
hs2 148000000 148000000 0.319333593510204082
hs2 148250000 148250000 0.34071314826446281
hs2 148500000 148500000 0.41231434366
hs2 148750000 148750000 0.463926106340425532
hs2 149000000 149000000 0.410977901472
hs2 149250000 149250000 0.457335592718367347
hs2 149500000 149500000 0.39999135
hs2 149750000 149750000 0.39512612671659919
hs2 150000000 150000000 0.485047774081632653
hs2 150250000 150250000 0.414807453333333333
hs2 150500000 150500000 0.5029461151625
hs2 150750000 150750000 0.485648049558232932
hs2 151000000 151000000 0.462797385080645161
hs2 151250000 151250000 0.451901905976095617
hs2 151500000 151500000 0.481367152653061224
hs2 151750000 151750000 0.441875950080321285
hs2 152000000 152000000 0.3725951208
hs2 152250000 152250000 0.313683240401606426
hs2 152500000 152500000 0.460059959365079365
hs2 152750000 152750000 0.468983217391304348
hs2 153000000 153000000 0.445497075079365079
hs2 153250000 153250000 0.44589325076
hs2 153500000 153500000 0.509498367520661157
hs2 153750000 153750000 0.558462207627118644
hs2 154000000 154000000 0.507776119588477366
hs2 154250000 154250000 0.568570335020746888
hs2 154500000 154500000 0.515991517894736842
hs2 154750000 154750000 0.50239153604
hs2 155000000 155000000 0.481813538211382114
hs2 155250000 155250000 0.469247771991869919
hs2 155500000 155500000 0.50927644230125523
hs2 155750000 155750000 0.544367370409836066
hs2 156000000 156000000 0.504061376694560669
hs2 156250000 156250000 0.4528604625951417
hs2 156500000 156500000 0.499225290564516129
hs2 156750000 156750000 0.433178346979591837
hs2 157000000 157000000 0.344770426842105263
hs2 157250000 157250000 0.367631373821138211
hs2 157500000 157500000 0.465809598606557377
hs2 157750000 157750000 0.466679312090163934
hs2 158000000 158000000 0.461051291286307054
hs2 158250000 158250000 0.44648043135
hs2 158500000 158500000 0.424102009435483871
hs2 158750000 158750000 0.46832350552
hs2 159000000 159000000 0.391175990759493671
hs2 159250000 159250000 0.398540274637096774
hs2 159500000 159500000 0.480605136774193548
hs2 159750000 159750000 0.430030484129554656
hs2 160000000 160000000 0.329203606827309237
hs2 160250000 160250000 0.425615051693548387
hs2 160500000 160500000 0.35411249568627451
hs2 160750000 160750000 0.474225539076305221
hs2 161000000 161000000 0.368940374516129032
hs2 161250000 161250000 0.484911330042194093
hs2 161500000 161500000 0.422117303801652893
hs2 161750000 161750000 0.290904477702811245
hs2 162000000 162000000 0.357341551852226721
hs2 162250000 162250000 0.498431714
hs2 162500000 162500000 0.365963128616600791
hs2 162750000 162750000 0.335315930806451613
hs2 163000000 163000000 0.390477160522088353
hs2 163250000 163250000 0.445485825403225806
hs2 163500000 163500000 0.508849521295546558
hs2 163750000 163750000 0.466711350207317073
hs2 164000000 164000000 0.364148722449799197
hs2 164250000 164250000 0.269938834077235772
hs2 164500000 164500000 0.404648529917355372
hs2 164750000 164750000 0.427284662788381743
hs2 165000000 165000000 0.366797082967479675
hs2 165250000 165250000 0.367353816097560976
hs2 165500000 165500000 0.413665673658536585
hs2 165750000 165750000 0.357057081822580645
hs2 166000000 166000000 0.395141180204819277
hs2 166250000 166250000 0.361984745672268908
hs2 166500000 166500000 0.40051000723015873
hs2 166750000 166750000 0.43129499814516129
hs2 167000000 167000000 0.43236771662601626
hs2 167250000 167250000 0.628626575510204082
hs2 167500000 167500000 0.509571814833333333
hs2 167750000 167750000 0.43326168846473029
hs2 168000000 168000000 0.478935516935483871
hs2 168250000 168250000 0.38420317095951417
hs2 168500000 168500000 0.440047417011952191
hs2 168750000 168750000 0.46118032380952381
hs2 169000000 169000000 0.51268540562248996
hs2 169250000 169250000 0.447765123694779117
hs2 169500000 169500000 0.424754017269076305
hs2 169750000 169750000 0.346078137663934426
hs2 170000000 170000000 0.365127065963709677
hs2 170250000 170250000 0.389582052409638554
hs2 170500000 170500000 0.325491976721991701
hs2 170750000 170750000 0.442838791869918699
hs2 171000000 171000000 0.391788514156862745
hs2 171250000 171250000 0.400751003636
hs2 171500000 171500000 0.374434390566801619
hs2 171750000 171750000 0.379715711004016064
hs2 172000000 172000000 0.361671188612244898
hs2 172250000 172250000 0.422770790165289256
hs2 172500000 172500000 0.33671837983935743
hs2 172750000 172750000 0.434193459752
hs2 173000000 173000000 0.473438018884120172
hs2 173250000 173250000 0.437503396787148594
hs2 173500000 173500000 0.346448176349206349
hs2 173750000 173750000 0.412064248072289157
hs2 174000000 174000000 0.45155694406374502
hs2 174250000 174250000 0.432140277561983471
hs2 174500000 174500000 0.377638045691869919
hs2 174750000 174750000 0.323747642580645161
hs2 175000000 175000000 0.364941086847058823
hs2 175250000 175250000 0.454158777036437247
hs2 175500000 175500000 0.372880734417670683
hs2 175750000 175750000 0.35966186338
hs2 176000000 176000000 0.422835263692622951
hs2 176250000 176250000 0.448466772633744856
hs2 176500000 176500000 0.316965429914634146
hs2 176750000 176750000 0.246410134302788845
hs2 177000000 177000000 0.315953712489959839
hs2 177250000 177250000 0.310270314899598393
hs2 177500000 177500000 0.336159887040650406
hs2 177750000 177750000 0.32596592276
hs2 178000000 178000000 0.317962746787755102
hs2 178250000 178250000 0.36727652634
hs2 178500000 178500000 0.403043952365546218
hs2 178750000 178750000 0.407592759960159363
hs2 179000000 179000000 0.33174085204048583
hs2 179250000 179250000 0.107989006281124498
hs2 179500000 179500000 0.426953910368852459
hs2 179750000 179750000 0.504084871893004115
hs2 180000000 180000000 0.432668837137096774
hs2 180250000 180250000 0.39468025048
hs2 180500000 180500000 0.397835426071428571
hs2 180750000 180750000 0.484082490983606557
hs2 181000000 181000000 0.490660584769230769
hs2 181250000 181250000 0.465445119105691057
hs2 181500000 181500000 0.397888851452282158
hs2 181750000 181750000 0.457751278056680162
hs2 182000000 182000000 0.42266817736
hs2 182250000 182250000 0.456783161578313253
hs2 182500000 182500000 0.369331005241935484
hs2 182750000 182750000 0.43315173734439834
hs2 183000000 183000000 0.45652976196
hs2 183250000 183250000 0.413315724674796748
hs2 183500000 183500000 0.37747322636
hs2 183750000 183750000 0.4508611425
hs2 184000000 184000000 0.489476640495867769
hs2 184250000 184250000 0.527702030612244898
hs2 184500000 184500000 0.574033683333333333
hs2 184750000 184750000 0.540594654462809917
hs2 185000000 185000000 0.52269520162601626
hs2 185250000 185250000 0.525261632258064516
hs2 185500000 185500000 0.557732726163265306
hs2 185750000 185750000 0.543898591463414634
hs2 186000000 186000000 0.535127740406504065
hs2 186250000 186250000 0.538992770508474576
hs2 186500000 186500000 0.56020860280334728
hs2 186750000 186750000 0.517533164918699187
hs2 187000000 187000000 0.492096447206477733
hs2 187250000 187250000 0.479196592244897959
hs2 187500000 187500000 0.520702023429752066
hs2 187750000 187750000 0.527044452822580645
hs2 188000000 188000000 0.477698830830039526
hs2 188250000 188250000 0.523442412663755458
hs2 188500000 188500000 0.532017902074688797
hs2 188750000 188750000 0.507257199446721312
hs2 189000000 189000000 0.554334053413654618
hs2 189250000 189250000 0.537758451407258065
hs2 189500000 189500000 0.464662862186234818
hs2 189750000 189750000 0.368540268514056225
hs2 190000000 190000000 0.474038937510204082
hs2 190250000 190250000 0.363048803522267207
hs2 190500000 190500000 0.457096403766129032
hs2 190750000 190750000 0.465198318902439025
hs2 191000000 191000000 0.458149804314516129
hs2 191250000 191250000 0.406840772088353414
hs2 191500000 191500000 0.363228266613545817
hs2 191750000 191750000 0.411607265080645161
hs2 192000000 192000000 0.432010752612244898
hs2 192250000 192250000 0.379050586198347107
hs2 192500000 192500000 0.300569151910569106
hs2 192750000 192750000 0.356954374411764706
hs2 193000000 193000000 0.484352365528455285
hs2 193250000 193250000 0.493785862348178138
hs2 193500000 193500000 0.579213188235294118
hs2 193750000 193750000 0.531944560168067227
hs2 194000000 194000000 0.499398304878048781
hs2 194250000 194250000 0.558987330815450644
hs2 194500000 194500000 0.546948391869918699
hs2 194750000 194750000 0.563987690165975104
hs2 195000000 195000000 0.572622339628099173
hs2 195250000 195250000 0.521350305263157895
hs2 195500000 195500000 0.482085503703703704
hs2 195750000 195750000 0.506345016480686695
hs2 196000000 196000000 0.399115702875
hs2 196250000 196250000 0.409404470983606557
hs2 196500000 196500000 0.432839594944223108
hs2 196750000 196750000 0.367454152682926829
hs2 197000000 197000000 0.385073834567901234
hs2 197250000 197250000 0.4199886496
hs2 197500000 197500000 0.35335788286122449
hs2 197750000 197750000 0.338923379918032787
hs2 198000000 198000000 0.388880438401606426
hs2 198250000 198250000 0.445139395221238938
hs2 198500000 198500000 0.359484926104417671
hs2 198750000 198750000 0.416797036402439024
hs2 199000000 199000000 0.387601576506024096
hs2 199250000 199250000 0.385519465991902834
hs2 199500000 199500000 0.463882148390438247
hs2 199750000 199750000 0.455472129410041841
hs2 200000000 200000000 0.312069913515873016
hs2 200250000 200250000 0.43529489272
hs2 200500000 200500000 0.360205998152610442
hs2 200750000 200750000 0.442450347459677419
hs2 201000000 201000000 0.327044419718875502
hs2 201250000 201250000 0.436302239516129032
hs2 201500000 201500000 0.375469236506024096
hs2 201750000 201750000 0.478954673209016393
hs2 202000000 202000000 0.499073365241935484
hs2 202250000 202250000 0.390024844761904762
hs2 202500000 202500000 0.333994254633466135
hs2 202750000 202750000 0.392785083557312253
hs2 203000000 203000000 0.421892453932539683
hs2 203250000 203250000 0.420746235761316872
hs2 203500000 203500000 0.421564692338709677
hs2 203750000 203750000 0.366413066865079365
hs2 204000000 204000000 0.344666440241106719
hs2 204250000 204250000 0.38451348618972332
hs2 204500000 204500000 0.410188925910931174
hs2 204750000 204750000 0.326157549760956175
hs2 205000000 205000000 0.390426451035856574
hs2 205250000 205250000 0.42258282987654321
hs2 205500000 205500000 0.392309680864197531
hs2 205750000 205750000 0.334827102653061224
hs2 206000000 206000000 0.299612624779116466
hs2 206250000 206250000 0.276694280564516129
hs2 206500000 206500000 0.420422646404
hs2 206750000 206750000 0.418021048393574297
hs2 207000000 207000000 0.417702071913580247
hs2 207250000 207250000 0.411732647182539682
hs2 207500000 207500000 0.427797021206896552
hs2 207750000 207750000 0.30111477824
hs2 208000000 208000000 0.391047318211382114
hs2 208250000 208250000 0.429987903777777778
hs2 208500000 208500000 0.335368516613545817
hs2 208750000 208750000 0.462245634939271255
hs2 209000000 209000000 0.455200344655870445
hs2 209250000 209250000 0.587525010833333333
hs2 209500000 209500000 0.597915390869565217
hs2 209750000 209750000 0.5613103528
hs2 210000000 210000000 0.435796407346938776
hs2 210250000 210250000 0.387249528610441767
hs2 210500000 210500000 0.332990017550200803
hs2 210750000 210750000 0.447726347862903226
hs2 211000000 211000000 0.520750987445887446
hs2 211250000 211250000 0.333370005967741935
hs2 211500000 211500000 0.502395088387096774
hs2 211750000 211750000 0.462244750901639344
hs2 212000000 212000000 0.404398396008064516
hs2 212250000 212250000 0.386333877658730159
hs2 212500000 212500000 0.438600851239669422
hs2 212750000 212750000 0.4109026612
hs2 213000000 213000000 0.3688251259437751
hs2 213250000 213250000 0.492180972908366534
hs2 213500000 213500000 0.367311332479674797
hs2 213750000 213750000 0.34099593596
hs2 214000000 214000000 0.539438755020080321
hs2 214250000 214250000 0.514471818292682927
hs2 214500000 214500000 0.546035826422764228
hs2 214750000 214750000 0.447332222520325203
hs2 215000000 215000000 0.411067748548387097
hs2 215250000 215250000 0.430442771721311475
hs2 215500000 215500000 0.374861748955823293
hs2 215750000 215750000 0.5118649204
hs2 216000000 216000000 0.372246623031496063
hs2 216250000 216250000 0.409644145528455285
hs2 216500000 216500000 0.507872238875502008
hs2 216750000 216750000 0.456594156069879518
hs2 217000000 217000000 0.48267601306122449
hs2 217250000 217250000 0.499223704257028112
hs2 217500000 217500000 0.502197722088353414
hs2 217750000 217750000 0.481018893117408907
hs2 218000000 218000000 0.400282186363636364
hs2 218250000 218250000 0.464313285261044177
hs2 218500000 218500000 0.462842459437751004
hs2 218750000 218750000 0.5192761770781893
hs2 219000000 219000000 0.468290996626506024
hs2 219250000 219250000 0.405962957196078431
hs2 219500000 219500000 0.409258394475806452
hs2 219750000 219750000 0.286718422106299213
hs2 220000000 220000000 0.36746038288
hs2 220250000 220250000 0.412953769196787149
hs2 220500000 220500000 0.398161619297520661
hs2 220750000 220750000 0.40152120556
hs2 221000000 221000000 0.47846058374501992
hs2 221250000 221250000 0.451805994430894309
hs2 221500000 221500000 0.417023447408906883
hs2 221750000 221750000 0.422748027529880478
hs2 222000000 222000000 0.362092932056451613
hs2 222250000 222250000 0.388307046315789474
hs2 222500000 222500000 0.438366250918032787
hs2 222750000 222750000 0.375879577755102041
hs2 223000000 223000000 0.548215514574898785
hs2 223250000 223250000 0.454725205099601594
hs2 223500000 223500000 0.50073932592
hs2 223750000 223750000 0.493751568595041322
hs2 224000000 224000000 0.49846432510460251
hs2 224250000 224250000 0.479998102338709677
hs2 224500000 224500000 0.529585491463414634
hs2 224750000 224750000 0.543766853375
hs2 225000000 225000000 0.49340766556
hs2 225250000 225250000 0.482646333320158103
hs2 225500000 225500000 0.427900979761904762
hs2 225750000 225750000 0.5013479125
hs2 226000000 226000000 0.477176809536585366
hs2 226250000 226250000 0.497953314475806452
hs2 226500000 226500000 0.56701391187755102
hs2 226750000 226750000 0.487733458704453441
hs2 227000000 227000000 0.452949580528455285
hs2 227250000 227250000 0.402330911012145749
hs2 227500000 227500000 0.468360895528455284
hs2 227750000 227750000 0.4810254484
hs2 228000000 228000000 0.450810465217391304
hs2 228250000 228250000 0.552325713886639676
hs2 228500000 228500000 0.5667424158
hs2 228750000 228750000 0.583934130487804878
hs2 229000000 229000000 0.598959039090909091
hs2 229250000 229250000 0.551211782716049383
hs2 229500000 229500000 0.50833150368852459
hs2 229750000 229750000 0.468463332910931174
hs2 230000000 230000000 0.508580915301204819
hs2 230250000 230250000 0.459711312991803279
hs2 230500000 230500000 0.496888802913385827
hs2 230750000 230750000 0.639634721457489879
hs2 231000000 231000000 0.641594446114285714
hs2 231250000 231250000 0.56559155503968254
hs2 231500000 231500000 0.59119315516
hs2 231750000 231750000 0.441577498818897638
hs2 232000000 232000000 0.62654694646090535
hs2 232250000 232250000 0.5369053588
hs2 232500000 232500000 0.490750808260869565
hs2 232750000 232750000 0.415028061791666667
hs2 233000000 233000000 0.522275389591836735
hs2 233250000 233250000 0.49571274488372093
hs2 233500000 233500000 0.5600544728
hs2 233750000 233750000 0.556197336637931034
hs2 234000000 234000000 0.490057779036144578
hs2 234250000 234250000 0.624787134693877551
hs2 234500000 234500000 0.574157490524193548
hs2 234750000 234750000 0.620258834008097166
hs2 235000000 235000000 0.64299144532
hs2 235250000 235250000 0.640177014471544715
hs2 235500000 235500000 0.656466810775510204
hs2 235750000 235750000 0.6601924108
hs2 236000000 236000000 0.637446802016129032
hs2 236250000 236250000 0.652580614112903226
hs2 236500000 236500000 0.56998258008097166
hs2 236750000 236750000 0.528390838542510122
hs2 237000000 237000000 0.596034395435684647
hs2 237250000 237250000 0.647724096947791165
hs2 237500000 237500000 0.608435312195121951
hs2 237750000 237750000 0.662691621951219512
hs2 238000000 238000000 0.577440743983739837
hs2 238250000 238250000 0.61669508947368421
hs2 238500000 238500000 0.627505923441295547
hs2 238750000 238750000 0.570157565459349593
hs2 239000000 239000000 0.618915163306451613
hs2 239250000 239250000 0.617347938211382114
hs2 239500000 239500000 0.680496730913978495
hs2 239750000 239750000 0.651726485971544715
hs2 240000000 240000000 0.664271103387096774
hs2 240250000 240250000 0.723765799591836735
hs2 240500000 240500000 0.705115420416666667
hs2 240750000 240750000 0.687758196414342629
hs2 241000000 241000000 0.74205915421686747
hs2 241250000 241250000 0.599694265991902834
hs2 241500000 241500000 0.627637882661290322
hs2 241750000 241750000 0.5076307892
hs2 242000000 242000000 0.590931569796747967
hs2 242250000 242250000 0.6548292652
hs2 242500000 242500000 0.746176585491071429
hs2 242750000 242750000 0.603857895275590551
