hs2 0 0 0.151937
hs2 250000 250000 0.144345
hs2 500000 500000 0.21418
hs2 750000 750000 0.128156
hs2 1000000 1000000 0.231006
hs2 1250000 1250000 0.159801
hs2 1500000 1500000 0.180327
hs2 1750000 1750000 0.070251
hs2 2000000 2000000 0.119721
hs2 2250000 2250000 0.0891187
hs2 2500000 2500000 0.175425
hs2 2750000 2750000 0.164946
hs2 3000000 3000000 0.174279
hs2 3250000 3250000 0.12585
hs2 3500000 3500000 0.108298
hs2 3750000 3750000 0.114441
hs2 4000000 4000000 0.128918
hs2 4250000 4250000 0.0955092
hs2 4500000 4500000 0.0845076
hs2 4750000 4750000 0.15875
hs2 5000000 5000000 0.105693
hs2 5250000 5250000 0.162112
hs2 5500000 5500000 0.0956362
hs2 5750000 5750000 0.0730023
hs2 6000000 6000000 0.0955225
hs2 6250000 6250000 0.0622795
hs2 6500000 6500000 0.0792379
hs2 6750000 6750000 0.106099
hs2 7000000 7000000 0.134268
hs2 7250000 7250000 0.066152
hs2 7500000 7500000 0.0727893
hs2 7750000 7750000 0.0595488
hs2 8000000 8000000 0.0768932
hs2 8250000 8250000 0.0741991
hs2 8500000 8500000 0.0943737
hs2 8750000 8750000 0.0275112
hs2 9000000 9000000 0.106011
hs2 9250000 9250000 0.148885
hs2 9500000 9500000 0.0790253
hs2 9750000 9750000 0.132573
hs2 10000000 10000000 0.0630689
hs2 10250000 10250000 0.196855
hs2 10500000 10500000 0.108231
hs2 10750000 10750000 0.108871
hs2 11000000 11000000 0.1794
hs2 11250000 11250000 0.0346092
hs2 11500000 11500000 0.133953
hs2 11750000 11750000 0.114679
hs2 12000000 12000000 0.0928717
hs2 12250000 12250000 0.111063
hs2 12500000 12500000 0.111751
hs2 12750000 12750000 0.0682696
hs2 13000000 13000000 0.113214
hs2 13250000 13250000 0.163425
hs2 13500000 13500000 0.192405
hs2 13750000 13750000 0.137666
hs2 14000000 14000000 0.148616
hs2 14250000 14250000 0.135662
hs2 14500000 14500000 0.151395
hs2 14750000 14750000 0.0614649
hs2 15000000 15000000 0.0713388
hs2 15250000 15250000 0.0797609
hs2 15500000 15500000 0.0822208
hs2 15750000 15750000 0.061944
hs2 16000000 16000000 0.0555716
hs2 16250000 16250000 0.0451832
hs2 16500000 16500000 0.043811
hs2 16750000 16750000 0.131062
hs2 17000000 17000000 0.18185
hs2 17250000 17250000 0.141038
hs2 17500000 17500000 0.0584987
hs2 17750000 17750000 0.0704948
hs2 18000000 18000000 0.128017
hs2 18250000 18250000 0.132781
hs2 18500000 18500000 0.0281383
hs2 18750000 18750000 0.0253722
hs2 19000000 19000000 0.0314473
hs2 19250000 19250000 0.0302752
hs2 19500000 19500000 0.0258543
hs2 19750000 19750000 0.0310836
hs2 20000000 20000000 0.0405172
hs2 20250000 20250000 0.0357702
hs2 20500000 20500000 0.074485
hs2 20750000 20750000 0.0940689
hs2 21000000 21000000 0.0204593
hs2 21250000 21250000 0.0364155
hs2 21500000 21500000 0.0264956
hs2 21750000 21750000 0.0288067
hs2 22000000 22000000 0.0344711
hs2 22250000 22250000 0.0425844
hs2 22500000 22500000 0.0311486
hs2 22750000 22750000 0.0224287
hs2 23000000 23000000 0.0328738
hs2 23250000 23250000 0.023763
hs2 23500000 23500000 0.0261275
hs2 23750000 23750000 0.0115046
hs2 24000000 24000000 0.0392242
hs2 24250000 24250000 0.0519364
hs2 24500000 24500000 0.0468819
hs2 24750000 24750000 0.0438566
hs2 25000000 25000000 0.111804
hs2 25250000 25250000 0.0394041
hs2 25500000 25500000 0.0903929
hs2 25750000 25750000 0.0762138
hs2 26000000 26000000 0.0482347
hs2 26250000 26250000 0.0554788
hs2 26500000 26500000 0.0522614
hs2 26750000 26750000 0.121762
hs2 27000000 27000000 0.0674854
hs2 27250000 27250000 0.0231273
hs2 27500000 27500000 0.0205906
hs2 27750000 27750000 0.0523158
hs2 28000000 28000000 0.0370329
hs2 28250000 28250000 0.035224
hs2 28500000 28500000 0.0471902
hs2 28750000 28750000 0.125387
hs2 29000000 29000000 0.0573573
hs2 29250000 29250000 0.0691689
hs2 29500000 29500000 0.0369732
hs2 29750000 29750000 0.0334674
hs2 30000000 30000000 0.042915
hs2 30250000 30250000 0.0673483
hs2 30500000 30500000 0.0741504
hs2 30750000 30750000 0.0791599
hs2 31000000 31000000 0.0935606
hs2 31250000 31250000 0.0655525
hs2 31500000 31500000 0.135083
hs2 31750000 31750000 0.172121
hs2 32000000 32000000 0.0599845
hs2 32250000 32250000 0.0416707
hs2 32500000 32500000 0.0256597
hs2 32750000 32750000 0.0726336
hs2 33000000 33000000 0.0862354
hs2 33250000 33250000 0.0480029
hs2 33500000 33500000 0.05867
hs2 33750000 33750000 0.0415132
hs2 34000000 34000000 0.0765611
hs2 34250000 34250000 0.08329
hs2 34500000 34500000 0.105565
hs2 34750000 34750000 0.0965745
hs2 35000000 35000000 0.0812324
hs2 35250000 35250000 0.144361
hs2 35500000 35500000 0.109363
hs2 35750000 35750000 0.0990313
hs2 36000000 36000000 0.041442
hs2 36250000 36250000 0.0556758
hs2 36500000 36500000 0.0465116
hs2 36750000 36750000 0.0564886
hs2 37000000 37000000 0.0465808
hs2 37250000 37250000 0.0512935
hs2 37500000 37500000 0.0436503
hs2 37750000 37750000 0.0590193
hs2 38000000 38000000 0.0709671
hs2 38250000 38250000 0.0944364
hs2 38500000 38500000 0.0761623
hs2 38750000 38750000 0.0411739
hs2 39000000 39000000 0.0239067
hs2 39250000 39250000 0.0786736
hs2 39500000 39500000 0.0657385
hs2 39750000 39750000 0.0492965
hs2 40000000 40000000 0.110435
hs2 40250000 40250000 0.0734887
hs2 40500000 40500000 0.0800401
hs2 40750000 40750000 0.144489
hs2 41000000 41000000 0.148925
hs2 41250000 41250000 0.125602
hs2 41500000 41500000 0.107287
hs2 41750000 41750000 0.0971415
hs2 42000000 42000000 0.0344775
hs2 42250000 42250000 0.0285783
hs2 42500000 42500000 0.0385996
hs2 42750000 42750000 0.0816941
hs2 43000000 43000000 0.0879121
hs2 43250000 43250000 0.0785752
hs2 43500000 43500000 0.0211667
hs2 43750000 43750000 0.0543269
hs2 44000000 44000000 0.00996938
hs2 44250000 44250000 0.0239392
hs2 44500000 44500000 0.0117957
hs2 44750000 44750000 0.00427611
hs2 45000000 45000000 0.0105888
hs2 45250000 45250000 0.0354038
hs2 45500000 45500000 0.0359037
hs2 45750000 45750000 0.0794509
hs2 46000000 46000000 0.100048
hs2 46250000 46250000 0.079744
hs2 46500000 46500000 0.0559548
hs2 46750000 46750000 0.0409645
hs2 47000000 47000000 0.138905
hs2 47250000 47250000 0.0948382
hs2 47500000 47500000 0.0892753
hs2 47750000 47750000 0.11468
hs2 48000000 48000000 0.0146123
hs2 48250000 48250000 0.0754404
hs2 48500000 48500000 0.0501135
hs2 48750000 48750000 0.0493426
hs2 49000000 49000000 0.0497979
hs2 49250000 49250000 0.0709044
hs2 49500000 49500000 0.0621158
hs2 49750000 49750000 0.068258
hs2 50000000 50000000 0.0344083
hs2 50250000 50250000 0.035736
hs2 50500000 50500000 0.0225275
hs2 50750000 50750000 0.0314418
hs2 51000000 51000000 0.032284
hs2 51250000 51250000 0.0623514
hs2 51500000 51500000 0.0947131
hs2 51750000 51750000 0.101623
hs2 52000000 52000000 0.127705
hs2 52250000 52250000 0.124233
hs2 52500000 52500000 0.119205
hs2 52750000 52750000 0.0683371
hs2 53000000 53000000 0.0703509
hs2 53250000 53250000 0.0357181
hs2 53500000 53500000 0.0518718
hs2 53750000 53750000 0.0374923
hs2 54000000 54000000 0.0433936
hs2 54250000 54250000 0.0638094
hs2 54500000 54500000 0.0757692
hs2 54750000 54750000 0.0345104
hs2 55000000 55000000 0.0497709
hs2 55250000 55250000 0.0497972
hs2 55500000 55500000 0.0262332
hs2 55750000 55750000 0.0422357
hs2 56000000 56000000 0.0273846
hs2 56250000 56250000 0.0820769
hs2 56500000 56500000 0.0929852
hs2 56750000 56750000 0.0847168
hs2 57000000 57000000 0.152648
hs2 57250000 57250000 0.118129
hs2 57500000 57500000 0.122002
hs2 57750000 57750000 0.0161258
hs2 58000000 58000000 0.00740869
hs2 58250000 58250000 0.0138694
hs2 58500000 58500000 0.0120692
hs2 58750000 58750000 0.00387413
hs2 59000000 59000000 0.00539566
hs2 59250000 59250000 0.00764586
hs2 59500000 59500000 0.0184845
hs2 59750000 59750000 0.00566587
hs2 60000000 60000000 0.00537685
hs2 60250000 60250000 0.00988521
hs2 60500000 60500000 0.00422888
hs2 60750000 60750000 0.00824783
hs2 61000000 61000000 0.0413711
hs2 61250000 61250000 0.0395921
hs2 61500000 61500000 0.0223693
hs2 61750000 61750000 0.0836549
hs2 62000000 62000000 0.0450275
hs2 62250000 62250000 0.0767573
hs2 62500000 62500000 0.0916935
hs2 62750000 62750000 0.022567
hs2 63000000 63000000 0.00470044
hs2 63250000 63250000 0.0338989
hs2 63500000 63500000 0.0226423
hs2 63750000 63750000 0.0381775
hs2 64000000 64000000 0.0319935
hs2 64250000 64250000 0.0377575
hs2 64500000 64500000 0.0699143
hs2 64750000 64750000 0.013844
hs2 65000000 65000000 0.146272
hs2 65250000 65250000 0.0514152
hs2 65500000 65500000 0.0467391
hs2 65750000 65750000 0.0146235
hs2 66000000 66000000 0.0171533
hs2 66250000 66250000 0.0159631
hs2 66500000 66500000 0.00529166
hs2 66750000 66750000 0.00452964
hs2 67000000 67000000 0.0129503
hs2 67250000 67250000 0.0133764
hs2 67500000 67500000 0.0262291
hs2 67750000 67750000 0.0155726
hs2 68000000 68000000 0.0312207
hs2 68250000 68250000 0.0403084
hs2 68500000 68500000 0.0813735
hs2 68750000 68750000 0.103842
hs2 69000000 69000000 0.0797441
hs2 69250000 69250000 0.106798
hs2 69500000 69500000 0.0670056
hs2 69750000 69750000 0.108839
hs2 70000000 70000000 0.0579524
hs2 70250000 70250000 0.0232807
hs2 70500000 70500000 0.129904
hs2 70750000 70750000 0.120961
hs2 71000000 71000000 0.0981409
hs2 71250000 71250000 0.0722711
hs2 71500000 71500000 0.0533558
hs2 71750000 71750000 0.0481163
hs2 72000000 72000000 0.0657281
hs2 72250000 72250000 0.0307387
hs2 72500000 72500000 0.0453558
hs2 72750000 72750000 0.0323978
hs2 73000000 73000000 0.0529792
hs2 73250000 73250000 0.0408784
hs2 73500000 73500000 0.062005
hs2 73750000 73750000 0.105456
hs2 74000000 74000000 0.0543705
hs2 74250000 74250000 0.0473393
hs2 74500000 74500000 0.0156616
hs2 74750000 74750000 0.0521624
hs2 75000000 75000000 0.0932017
hs2 75250000 75250000 0.113847
hs2 75500000 75500000 0.0922223
hs2 75750000 75750000 0.0445901
hs2 76000000 76000000 0.0498129
hs2 76250000 76250000 0.0473159
hs2 76500000 76500000 0.0801082
hs2 76750000 76750000 0.0738221
hs2 77000000 77000000 0.0607231
hs2 77250000 77250000 0.0867543
hs2 77500000 77500000 0.0517455
hs2 77750000 77750000 0.117209
hs2 78000000 78000000 0.11039
hs2 78250000 78250000 0.12407
hs2 78500000 78500000 0.112931
hs2 78750000 78750000 0.0885349
hs2 79000000 79000000 0.0746032
hs2 79250000 79250000 0.241311
hs2 79500000 79500000 0.109631
hs2 79750000 79750000 0.101261
hs2 80000000 80000000 0.0590197
hs2 80250000 80250000 0.0393459
hs2 80500000 80500000 0.0480379
hs2 80750000 80750000 0.0526367
hs2 81000000 81000000 0.101635
hs2 81250000 81250000 0.0619831
hs2 81500000 81500000 0.120185
hs2 81750000 81750000 0.12956
hs2 82000000 82000000 0.116308
hs2 82250000 82250000 0.152813
hs2 82500000 82500000 0.182045
hs2 82750000 82750000 0.128818
hs2 83000000 83000000 0.130343
hs2 83250000 83250000 0.197044
hs2 83500000 83500000 0.105535
hs2 83750000 83750000 0.104708
hs2 84000000 84000000 0.118724
hs2 84250000 84250000 0.074149
hs2 84500000 84500000 0.125758
hs2 84750000 84750000 0.057225
hs2 85000000 85000000 0.111462
hs2 85250000 85250000 0.0551757
hs2 85500000 85500000 0.0577757
hs2 85750000 85750000 0.0423654
hs2 86000000 86000000 0.1504
hs2 86250000 86250000 0.0881978
hs2 86500000 86500000 0.0811138
hs2 86750000 86750000 0.0849094
hs2 87000000 87000000 0.0553594
hs2 87250000 87250000 0.0681171
hs2 87500000 87500000 0.0805332
hs2 87750000 87750000 0.0549021
hs2 88000000 88000000 0.0772396
hs2 88250000 88250000 0.10425
hs2 88500000 88500000 0.0986169
hs2 88750000 88750000 0.0816683
hs2 89000000 89000000 0.153118
hs2 89250000 89250000 0.151349
hs2 89500000 89500000 0.138544
hs2 89750000 89750000 0.121707
hs2 90000000 90000000 0.0802086
hs2 91000000 91000000 0.065945
hs2 91250000 91250000 0.0391657
hs2 91500000 91500000 0.0587159
hs2 91750000 91750000 0.231657
hs2 94750000 94750000 0.0293518
hs2 95000000 95000000 0.0926463
hs2 95250000 95250000 0.136379
hs2 95500000 95500000 0.0667421
hs2 95750000 95750000 0.114492
hs2 96000000 96000000 0.136008
hs2 96250000 96250000 0.0281209
hs2 96500000 96500000 0.149345
hs2 96750000 96750000 0.0581796
hs2 97000000 97000000 0.0977901
hs2 97250000 97250000 0.197946
hs2 97500000 97500000 0.162507
hs2 97750000 97750000 0.0532663
hs2 98000000 98000000 0.125674
hs2 98250000 98250000 0.126397
hs2 98500000 98500000 0.0742758
hs2 98750000 98750000 0.100804
hs2 99000000 99000000 0.0748049
hs2 99250000 99250000 0.0825828
hs2 99500000 99500000 0.0565348
hs2 99750000 99750000 0.03663
hs2 100000000 100000000 0.0311902
hs2 100250000 100250000 0.0722174
hs2 100500000 100500000 0.094605
hs2 100750000 100750000 0.110041
hs2 101000000 101000000 0.0875562
hs2 101250000 101250000 0.117737
hs2 101500000 101500000 0.153447
hs2 101750000 101750000 0.0765665
hs2 102000000 102000000 0.27378
hs2 102250000 102250000 0.161235
hs2 102500000 102500000 0.101633
hs2 102750000 102750000 0.0817519
hs2 103000000 103000000 0.0199194
hs2 103250000 103250000 0.0246886
hs2 103500000 103500000 0.0470725
hs2 103750000 103750000 0.0318303
hs2 104000000 104000000 0.0174015
hs2 104250000 104250000 0.0165921
hs2 104500000 104500000 0.00734054
hs2 104750000 104750000 0.0122334
hs2 105000000 105000000 0.0268146
hs2 105250000 105250000 0.0855421
hs2 105500000 105500000 0.199326
hs2 105750000 105750000 0.183202
hs2 106000000 106000000 0.169028
hs2 106250000 106250000 0.109857
hs2 106500000 106500000 0.0954532
hs2 106750000 106750000 0.0928732
hs2 107000000 107000000 0.149479
hs2 107250000 107250000 0.127077
hs2 107500000 107500000 0.131118
hs2 107750000 107750000 0.08247
hs2 108000000 108000000 0.0671382
hs2 108250000 108250000 0.12567
hs2 108500000 108500000 0.0994484
hs2 108750000 108750000 0.0297574
hs2 109000000 109000000 0.140922
hs2 109250000 109250000 0.145659
hs2 109500000 109500000 0.118987
hs2 109750000 109750000 0.102408
hs2 110000000 110000000 0.0334509
hs2 110250000 110250000 0.0863527
hs2 110500000 110500000 0.0175611
hs2 110750000 110750000 0.0474925
hs2 111000000 111000000 0.0279195
hs2 111250000 111250000 0.0866952
hs2 111500000 111500000 0.0793423
hs2 111750000 111750000 0.0897112
hs2 112000000 112000000 0.121638
hs2 112250000 112250000 0.0645346
hs2 112500000 112500000 0.112012
hs2 112750000 112750000 0.0383018
hs2 113000000 113000000 0.0610942
hs2 113250000 113250000 0.0587729
hs2 113500000 113500000 0.112701
hs2 113750000 113750000 0.0415733
hs2 114000000 114000000 0.0809126
hs2 114250000 114250000 0.0984079
hs2 114500000 114500000 0.0742705
hs2 114750000 114750000 0.0400686
hs2 115000000 115000000 0.0732522
hs2 115250000 115250000 0.046659
hs2 115500000 115500000 0.0660387
hs2 115750000 115750000 0.0803418
hs2 116000000 116000000 0.0969283
hs2 116250000 116250000 0.0681883
hs2 116500000 116500000 0.14251
hs2 116750000 116750000 0.139668
hs2 117000000 117000000 0.122503
hs2 117250000 117250000 0.130052
hs2 117500000 117500000 0.0683471
hs2 117750000 117750000 0.0757477
hs2 118000000 118000000 0.0701919
hs2 118250000 118250000 0.0886258
hs2 118500000 118500000 0.0210635
hs2 118750000 118750000 0.0238693
hs2 119000000 119000000 0.0252291
hs2 119250000 119250000 0.0250352
hs2 119500000 119500000 0.122579
hs2 119750000 119750000 0.0871203
hs2 120000000 120000000 0.151669
hs2 120250000 120250000 0.0725586
hs2 120500000 120500000 0.0635571
hs2 120750000 120750000 0.0364093
hs2 121000000 121000000 0.115646
hs2 121250000 121250000 0.0866013
hs2 121500000 121500000 0.0872504
hs2 121750000 121750000 0.10402
hs2 122000000 122000000 0.0953798
hs2 122250000 122250000 0.13238
hs2 122500000 122500000 0.150051
hs2 122750000 122750000 0.12326
hs2 123000000 123000000 0.125033
hs2 123250000 123250000 0.14415
hs2 123500000 123500000 0.195929
hs2 123750000 123750000 0.155253
hs2 124000000 124000000 0.209782
hs2 124250000 124250000 0.0693155
hs2 124500000 124500000 0.11446
hs2 124750000 124750000 0.144277
hs2 125000000 125000000 0.0963429
hs2 125250000 125250000 0.112888
hs2 125500000 125500000 0.160935
hs2 125750000 125750000 0.146573
hs2 126000000 126000000 0.179932
hs2 126250000 126250000 0.134741
hs2 126500000 126500000 0.123368
hs2 126750000 126750000 0.0939538
hs2 127000000 127000000 0.112248
hs2 127250000 127250000 0.117581
hs2 127500000 127500000 0.121385
hs2 127750000 127750000 0.0245029
hs2 128000000 128000000 0.108962
hs2 128250000 128250000 0.0185795
hs2 128500000 128500000 0.0653195
hs2 128750000 128750000 0.0940244
hs2 129000000 129000000 0.133317
hs2 129250000 129250000 0.184571
hs2 129500000 129500000 0.220773
hs2 129750000 129750000 0.137001
hs2 130000000 130000000 0.176584
hs2 130250000 130250000 0.149519
hs2 130500000 130500000 0.0386451
hs2 130750000 130750000 0.013988
hs2 131000000 131000000 0.219816
hs2 131250000 131250000 0.122036
hs2 131500000 131500000 0.1106
hs2 131750000 131750000 0.0144296
hs2 132000000 132000000 0.0280082
hs2 132250000 132250000 0.0648457
hs2 132500000 132500000 0.108058
hs2 132750000 132750000 0.073437
hs2 133000000 133000000 0.0651368
hs2 133250000 133250000 0.0269915
hs2 133500000 133500000 0.0408562
hs2 133750000 133750000 0.0646114
hs2 134000000 134000000 0.0547781
hs2 134250000 134250000 0.0505179
hs2 134500000 134500000 0.109843
hs2 134750000 134750000 0.0939215
hs2 135000000 135000000 0.113706
hs2 135250000 135250000 0.0921089
hs2 135500000 135500000 0.0510342
hs2 135750000 135750000 0.0477236
hs2 136000000 136000000 0.0369318
hs2 136250000 136250000 0.0429123
hs2 136500000 136500000 0.0232223
hs2 136750000 136750000 0.055977
hs2 137000000 137000000 0.0580095
hs2 137250000 137250000 0.0309466
hs2 137500000 137500000 0.0642926
hs2 137750000 137750000 0.046696
hs2 138000000 138000000 0.0693698
hs2 138250000 138250000 0.0836977
hs2 138500000 138500000 0.0396941
hs2 138750000 138750000 0.0284989
hs2 139000000 139000000 0.0351696
hs2 139250000 139250000 0.0315149
hs2 139500000 139500000 0.0378961
hs2 139750000 139750000 0.0466847
hs2 140000000 140000000 0.0956783
hs2 140250000 140250000 0.0558449
hs2 140500000 140500000 0.0703633
hs2 140750000 140750000 0.0311464
hs2 141000000 141000000 0.0453435
hs2 141250000 141250000 0.0364571
hs2 141500000 141500000 0.0627676
hs2 141750000 141750000 0.114395
hs2 142000000 142000000 0.0447765
hs2 142250000 142250000 0.0549888
hs2 142500000 142500000 0.0344964
hs2 142750000 142750000 0.0646147
hs2 143000000 143000000 0.0429807
hs2 143250000 143250000 0.099716
hs2 143500000 143500000 0.027321
hs2 143750000 143750000 0.00287628
hs2 144000000 144000000 0.00455421
hs2 144250000 144250000 0.00507231
hs2 144500000 144500000 0.00498665
hs2 144750000 144750000 0.00775055
hs2 145000000 145000000 0.00198836
hs2 145250000 145250000 0.00630593
hs2 145500000 145500000 0.00903533
hs2 145750000 145750000 0.00803509
hs2 146000000 146000000 0.01621
hs2 146250000 146250000 0.0134503
hs2 146500000 146500000 0.0148312
hs2 146750000 146750000 0.0150208
hs2 147000000 147000000 0.00942089
hs2 147250000 147250000 0.0573386
hs2 147500000 147500000 0.0266823
hs2 147750000 147750000 0.0325532
hs2 148000000 148000000 0.0154072
hs2 148250000 148250000 0.0247931
hs2 148500000 148500000 0.0393471
hs2 148750000 148750000 0.0660046
hs2 149000000 149000000 0.012326
hs2 149250000 149250000 0.0584298
hs2 149500000 149500000 0.069481
hs2 149750000 149750000 0.0467096
hs2 150000000 150000000 0.0557939
hs2 150250000 150250000 0.0370264
hs2 150500000 150500000 0.0789802
hs2 150750000 150750000 0.0620364
hs2 151000000 151000000 0.044434
hs2 151250000 151250000 0.0669273
hs2 151500000 151500000 0.0529944
hs2 151750000 151750000 0.04475
hs2 152000000 152000000 0.040654
hs2 152250000 152250000 0.0265161
hs2 152500000 152500000 0.0507363
hs2 152750000 152750000 0.0559763
hs2 153000000 153000000 0.0815894
hs2 153250000 153250000 0.0287517
hs2 153500000 153500000 0.0639619
hs2 153750000 153750000 0.0613299
hs2 154000000 154000000 0.0702797
hs2 154250000 154250000 0.0690302
hs2 154500000 154500000 0.0697928
hs2 154750000 154750000 0.0640663
hs2 155000000 155000000 0.0941142
hs2 155250000 155250000 0.0691197
hs2 155500000 155500000 0.0662335
hs2 155750000 155750000 0.0566544
hs2 156000000 156000000 0.0230175
hs2 156250000 156250000 0.00828012
hs2 156500000 156500000 0.0139798
hs2 156750000 156750000 0.0112338
hs2 157000000 157000000 0.00823624
hs2 157250000 157250000 0.0102201
hs2 157500000 157500000 0.0248296
hs2 157750000 157750000 0.0336
hs2 158000000 158000000 0.055615
hs2 158250000 158250000 0.0453005
hs2 158500000 158500000 0.0251303
hs2 158750000 158750000 0.0341935
hs2 159000000 159000000 0.0272158
hs2 159250000 159250000 0.0469841
hs2 159500000 159500000 0.0497266
hs2 159750000 159750000 0.0331391
hs2 160000000 160000000 0.0105048
hs2 160250000 160250000 0.0350534
hs2 160500000 160500000 0.0604458
hs2 160750000 160750000 0.0404647
hs2 161000000 161000000 0.03818
hs2 161250000 161250000 0.0406692
hs2 161500000 161500000 0.023609
hs2 161750000 161750000 0.0117898
hs2 162000000 162000000 0.00375481
hs2 162250000 162250000 0.0573086
hs2 162500000 162500000 0.0162835
hs2 162750000 162750000 0.0167374
hs2 163000000 163000000 0.0256907
hs2 163250000 163250000 0.0596595
hs2 163500000 163500000 0.0684519
hs2 163750000 163750000 0.0204749
hs2 164000000 164000000 0.0104765
hs2 164250000 164250000 0.00237052
hs2 164500000 164500000 0.0116484
hs2 164750000 164750000 0.0189938
hs2 165000000 165000000 0.013297
hs2 165250000 165250000 0.0405413
hs2 165500000 165500000 0.0649946
hs2 165750000 165750000 0.0176072
hs2 166000000 166000000 0.0225093
hs2 166250000 166250000 0.0228259
hs2 166500000 166500000 0.0268018
hs2 166750000 166750000 0.0438555
hs2 167000000 167000000 0.0764877
hs2 167250000 167250000 0.100723
hs2 167500000 167500000 0.0858253
hs2 167750000 167750000 0.0322733
hs2 168000000 168000000 0.0664928
hs2 168250000 168250000 0.0430989
hs2 168500000 168500000 0.0456483
hs2 168750000 168750000 0.0612163
hs2 169000000 169000000 0.134536
hs2 169250000 169250000 0.0850556
hs2 169500000 169500000 0.0709341
hs2 169750000 169750000 0.0316849
hs2 170000000 170000000 0.0469597
hs2 170250000 170250000 0.0263463
hs2 170500000 170500000 0.0322217
hs2 170750000 170750000 0.0429759
hs2 171000000 171000000 0.0506106
hs2 171250000 171250000 0.0181187
hs2 171500000 171500000 0.0348298
hs2 171750000 171750000 0.0454594
hs2 172000000 172000000 0.0300258
hs2 172250000 172250000 0.0110717
hs2 172500000 172500000 0.0161197
hs2 172750000 172750000 0.010489
hs2 173000000 173000000 0.0493028
hs2 173250000 173250000 0.0878107
hs2 173500000 173500000 0.0232178
hs2 173750000 173750000 0.036706
hs2 174000000 174000000 0.0228377
hs2 174250000 174250000 0.0167576
hs2 174500000 174500000 0.0181191
hs2 174750000 174750000 0.00625965
hs2 175000000 175000000 0.0142128
hs2 175250000 175250000 0.0586184
hs2 175500000 175500000 0.0594142
hs2 175750000 175750000 0.0152148
hs2 176000000 176000000 0.015592
hs2 176250000 176250000 0.016699
hs2 176500000 176500000 0.0103067
hs2 176750000 176750000 0.00601401
hs2 177000000 177000000 0.0227626
hs2 177250000 177250000 0.00951053
hs2 177500000 177500000 0.0131189
hs2 177750000 177750000 0.0150559
hs2 178000000 178000000 0.0217105
hs2 178250000 178250000 0.0237251
hs2 178500000 178500000 0.0473286
hs2 178750000 178750000 0.0514362
hs2 179000000 179000000 0.00301132
hs2 179250000 179250000 0.000920213
hs2 179500000 179500000 0.0457599
hs2 179750000 179750000 0.0742858
hs2 180000000 180000000 0.0351225
hs2 180250000 180250000 0.043156
hs2 180500000 180500000 0.0374181
hs2 180750000 180750000 0.0461281
hs2 181000000 181000000 0.0321477
hs2 181250000 181250000 0.0319273
hs2 181500000 181500000 0.0562817
hs2 181750000 181750000 0.0427852
hs2 182000000 182000000 0.0323455
hs2 182250000 182250000 0.0235293
hs2 182500000 182500000 0.0495725
hs2 182750000 182750000 0.0828188
hs2 183000000 183000000 0.0750811
hs2 183250000 183250000 0.0586412
hs2 183500000 183500000 0.0344949
hs2 183750000 183750000 0.0450478
hs2 184000000 184000000 0.0406162
hs2 184250000 184250000 0.0563418
hs2 184500000 184500000 0.0819694
hs2 184750000 184750000 0.0649567
hs2 185000000 185000000 0.0895557
hs2 185250000 185250000 0.0784979
hs2 185500000 185500000 0.0584154
hs2 185750000 185750000 0.0808388
hs2 186000000 186000000 0.0558607
hs2 186250000 186250000 0.0299688
hs2 186500000 186500000 0.0586078
hs2 186750000 186750000 0.0761954
hs2 187000000 187000000 0.0583089
hs2 187250000 187250000 0.05852
hs2 187500000 187500000 0.0651209
hs2 187750000 187750000 0.0863901
hs2 188000000 188000000 0.0805897
hs2 188250000 188250000 0.114348
hs2 188500000 188500000 0.118475
hs2 188750000 188750000 0.103544
hs2 189000000 189000000 0.129178
hs2 189250000 189250000 0.0782674
hs2 189500000 189500000 0.0504014
hs2 189750000 189750000 0.0602961
hs2 190000000 190000000 0.0651046
hs2 190250000 190250000 0.0304736
hs2 190500000 190500000 0.0294896
hs2 190750000 190750000 0.0554202
hs2 191000000 191000000 0.0938357
hs2 191250000 191250000 0.0527292
hs2 191500000 191500000 0.0181476
hs2 191750000 191750000 0.0822113
hs2 192000000 192000000 0.0528995
hs2 192250000 192250000 0.0400973
hs2 192500000 192500000 0.0151758
hs2 192750000 192750000 0.0251182
hs2 193000000 193000000 0.0493268
hs2 193250000 193250000 0.0798609
hs2 193500000 193500000 0.0985253
hs2 193750000 193750000 0.0791051
hs2 194000000 194000000 0.057153
hs2 194250000 194250000 0.0887432
hs2 194500000 194500000 0.0663268
hs2 194750000 194750000 0.0774257
hs2 195000000 195000000 0.0850707
hs2 195250000 195250000 0.0465301
hs2 195500000 195500000 0.0654595
hs2 195750000 195750000 0.0358757
hs2 196000000 196000000 0.0340858
hs2 196250000 196250000 0.0293898
hs2 196500000 196500000 0.0389978
hs2 196750000 196750000 0.0375551
hs2 197000000 197000000 0.0679741
hs2 197250000 197250000 0.0718955
hs2 197500000 197500000 0.0382375
hs2 197750000 197750000 0.0690257
hs2 198000000 198000000 0.0203477
hs2 198250000 198250000 0.0493817
hs2 198500000 198500000 0.0569213
hs2 198750000 198750000 0.0447668
hs2 199000000 199000000 0.0143703
hs2 199250000 199250000 0.0210308
hs2 199500000 199500000 0.023978
hs2 199750000 199750000 0.0168653
hs2 200000000 200000000 0.0104697
hs2 200250000 200250000 0.0129273
hs2 200500000 200500000 0.017005
hs2 200750000 200750000 0.0341976
hs2 201000000 201000000 0.0329911
hs2 201250000 201250000 0.105149
hs2 201500000 201500000 0.0220727
hs2 201750000 201750000 0.057924
hs2 202000000 202000000 0.0391679
hs2 202250000 202250000 0.0429656
hs2 202500000 202500000 0.0170046
hs2 202750000 202750000 0.0369505
hs2 203000000 203000000 0.0350416
hs2 203250000 203250000 0.0223668
hs2 203500000 203500000 0.0510376
hs2 203750000 203750000 0.031971
hs2 204000000 204000000 0.0296941
hs2 204250000 204250000 0.0385233
hs2 204500000 204500000 0.0392539
hs2 204750000 204750000 0.0140318
hs2 205000000 205000000 0.0192838
hs2 205250000 205250000 0.0331908
hs2 205500000 205500000 0.0214381
hs2 205750000 205750000 0.0163749
hs2 206000000 206000000 0.0123782
hs2 206250000 206250000 0.0127214
hs2 206500000 206500000 0.015057
hs2 206750000 206750000 0.0375946
hs2 207000000 207000000 0.0598748
hs2 207250000 207250000 0.0517755
hs2 207500000 207500000 0.0263452
hs2 207750000 207750000 0.011906
hs2 208000000 208000000 0.0189792
hs2 208250000 208250000 0.0145515
hs2 208500000 208500000 0.0210226
hs2 208750000 208750000 0.0334817
hs2 209000000 209000000 0.0551494
hs2 209250000 209250000 0.166246
hs2 209500000 209500000 0.208791
hs2 209750000 209750000 0.087304
hs2 210000000 210000000 0.0722331
hs2 210250000 210250000 0.0226588
hs2 210500000 210500000 0.0216743
hs2 210750000 210750000 0.053517
hs2 211000000 211000000 0.047695
hs2 211250000 211250000 0.0224221
hs2 211500000 211500000 0.0619791
hs2 211750000 211750000 0.0387067
hs2 212000000 212000000 0.0212913
hs2 212250000 212250000 0.0269707
hs2 212500000 212500000 0.0581644
hs2 212750000 212750000 0.0303568
hs2 213000000 213000000 0.033247
hs2 213250000 213250000 0.0504134
hs2 213500000 213500000 0.0231593
hs2 213750000 213750000 0.0185177
hs2 214000000 214000000 0.0901245
hs2 214250000 214250000 0.112228
hs2 214500000 214500000 0.0724402
hs2 214750000 214750000 0.0474166
hs2 215000000 215000000 0.0238451
hs2 215250000 215250000 0.0278279
hs2 215500000 215500000 0.0282239
hs2 215750000 215750000 0.088359
hs2 216000000 216000000 0.0381588
hs2 216250000 216250000 0.0692072
hs2 216500000 216500000 0.0847124
hs2 216750000 216750000 0.0541783
hs2 217000000 217000000 0.098731
hs2 217250000 217250000 0.0677753
hs2 217500000 217500000 0.117949
hs2 217750000 217750000 0.0695152
hs2 218000000 218000000 0.0331929
hs2 218250000 218250000 0.059752
hs2 218500000 218500000 0.0888882
hs2 218750000 218750000 0.0412715
hs2 219000000 219000000 0.0593047
hs2 219250000 219250000 0.0273232
hs2 219500000 219500000 0.0357214
hs2 219750000 219750000 0.0191467
hs2 220000000 220000000 0.0248844
hs2 220250000 220250000 0.0348265
hs2 220500000 220500000 0.0298659
hs2 220750000 220750000 0.0132068
hs2 221000000 221000000 0.0223466
hs2 221250000 221250000 0.0457386
hs2 221500000 221500000 0.0307379
hs2 221750000 221750000 0.0198698
hs2 222000000 222000000 0.0148248
hs2 222250000 222250000 0.0228384
hs2 222500000 222500000 0.0259627
hs2 222750000 222750000 0.0124654
hs2 223000000 223000000 0.0866578
hs2 223250000 223250000 0.0693783
hs2 223500000 223500000 0.126027
hs2 223750000 223750000 0.0916839
hs2 224000000 224000000 0.076325
hs2 224250000 224250000 0.0870834
hs2 224500000 224500000 0.130051
hs2 224750000 224750000 0.0985331
hs2 225000000 225000000 0.095784
hs2 225250000 225250000 0.0785171
hs2 225500000 225500000 0.0583521
hs2 225750000 225750000 0.0856458
hs2 226000000 226000000 0.0466126
hs2 226250000 226250000 0.0463084
hs2 226500000 226500000 0.0765596
hs2 226750000 226750000 0.0616099
hs2 227000000 227000000 0.0592636
hs2 227250000 227250000 0.0311373
hs2 227500000 227500000 0.0506132
hs2 227750000 227750000 0.131612
hs2 228000000 228000000 0.0732753
hs2 228250000 228250000 0.104025
hs2 228500000 228500000 0.109398
hs2 228750000 228750000 0.166454
hs2 229000000 229000000 0.169608
hs2 229250000 229250000 0.171257
hs2 229500000 229500000 0.0874348
hs2 229750000 229750000 0.0730539
hs2 230000000 230000000 0.102495
hs2 230250000 230250000 0.0762513
hs2 230500000 230500000 0.0636784
hs2 230750000 230750000 0.257071
hs2 231000000 231000000 0.215912
hs2 231250000 231250000 0.0782677
hs2 231500000 231500000 0.123096
hs2 231750000 231750000 0.0490759
hs2 232000000 232000000 0.0968113
hs2 232250000 232250000 0.0943733
hs2 232500000 232500000 0.0604786
hs2 232750000 232750000 0.0262607
hs2 233000000 233000000 0.0368935
hs2 233250000 233250000 0.0510497
hs2 233500000 233500000 0.094277
hs2 233750000 233750000 0.115156
hs2 234000000 234000000 0.101777
hs2 234250000 234250000 0.0951785
hs2 234500000 234500000 0.115828
hs2 234750000 234750000 0.231078
hs2 235000000 235000000 0.162934
hs2 235250000 235250000 0.194582
hs2 235500000 235500000 0.262586
hs2 235750000 235750000 0.280201
hs2 236000000 236000000 0.254161
hs2 236250000 236250000 0.0934208
hs2 236500000 236500000 0.0289466
hs2 236750000 236750000 0.0366912
hs2 237000000 237000000 0.109689
hs2 237250000 237250000 0.188686
hs2 237500000 237500000 0.186277
hs2 237750000 237750000 0.251123
hs2 238000000 238000000 0.0894295
hs2 238250000 238250000 0.179099
hs2 238500000 238500000 0.14252
hs2 238750000 238750000 0.112528
hs2 239000000 239000000 0.124618
hs2 239250000 239250000 0.115061
hs2 239500000 239500000 0.20753
hs2 239750000 239750000 0.0989331
hs2 240000000 240000000 0.12629
hs2 240250000 240250000 0.230192
hs2 240500000 240500000 0.155564
hs2 240750000 240750000 0.194358
hs2 241000000 241000000 0.217069
hs2 241250000 241250000 0.0943042
hs2 241500000 241500000 0.14489
hs2 241750000 241750000 0.0743926
hs2 242000000 242000000 0.101988
hs2 242250000 242250000 0.0925529
hs2 242500000 242500000 0.164881
hs2 242750000 242750000 0.165388
