hs1 0 9413115 0.293253
hs1 12944864 17882734 0.674510
hs1 18267859 26888529 0.045304
hs1 30311242 36066638 0.256502
hs1 38654588 46574746 0.027756
hs1 47845197 50368507 0.989447
hs1 53805787 55995609 0.144214
hs1 56064601 58553343 0.033761
hs1 58891584 68731320 0.793750
hs1 72287473 77274763 0.801282
hs1 79397089 87272903 0.645585
hs1 87990545 93474583 0.693413
hs1 96870130 98361595 0.057729
hs1 101190819 104608969 0.838446
hs1 104848991 109098173 0.173212
hs1 109520308 118477568 0.428307
hs1 120150094 124988063 0.391741
hs1 125642336 135072598 0.825885
hs1 138288243 144324498 0.477581
hs1 146211328 154357503 0.658005
hs1 154960328 163325009 0.701605
hs1 166945707 171270879 0.332164
hs1 171749938 177279971 0.971678
hs1 177781469 187005434 0.454022
hs1 191893486 198259281 0.960716
hs1 199784644 200057003 0.960548
hs1 202016502 210431677 0.277481
hs1 213973141 218903688 0.461488
hs1 219181359 226837705 0.083541
hs1 231312385 239418294 0.047325
hs1 240181079 249641045 0.855450
hs2 0 8039463 0.207251
hs2 11033697 18424829 0.854036
hs2 19368507 26236325 0.408294
hs2 27423288 36779506 0.360899
hs2 40830762 47883882 0.610785
hs2 50495766 54198141 0.049755
hs2 54597287 56792779 0.197544
hs2 58914155 64886983 0.206056
hs2 65299493 74815890 0.797571
hs2 77984347 87537255 0.159480
hs2 89237885 89548122 0.342644
hs2 91248684 95696347 0.296530
hs2 98677390 102917667 0.834577
hs2 103994388 112411570 0.639419
hs2 113088802 121532176 0.138167
hs2 122127545 130864453 0.244253
hs2 132092380 139525549 0.878514
hs2 141294580 146413865 0.171171
hs2 146915265 147649945 0.615086
hs2 147775498 155451550 0.771099
hs2 157823123 159190568 0.048207
hs2 162907240 166847027 0.226207
hs2 168224371 174344193 0.066767
hs2 175530970 181862207 0.040557
hs2 182698165 184298220 0.435730
hs2 186798009 196407927 0.681002
hs2 200094640 204718991 0.271818
hs2 207594619 213420743 0.368122
hs2 217127796 225103577 0.374334
hs2 229543143 230837311 0.710491
hs2 232652848 237057826 0.288380
hs2 239411222 243565571 0.040461
hs3 0 444890 0.936313
hs3 2594268 12060976 0.583332
hs3 12134287 12530991 0.341170
hs3 14988055 21298864 0.741759
hs3 21751018 28869030 0.677085
hs3 29277257 32929621 0.830613
hs3 37158696 45736432 0.028882
hs3 46233859 50054440 0.562669
hs3 55000801 59673558 0.643216
hs3 62108320 71470906 0.022021
hs3 72944196 80607168 0.451720
hs3 84199410 87378942 0.519597
hs3 90553848 90704397 0.377005
hs3 93559064 96396860 0.693934
hs3 97380342 100339882 0.612854
hs3 100728701 107185878 0.503118
hs3 108976776 113965641 0.067625
hs3 115019262 121149712 0.888021
hs3 125712511 134324220 0.658529
hs3 138941341 148246338 0.214484
hs3 150745809 153438351 0.592426
hs3 156260777 161203213 0.004293
hs3 162245934 165689544 0.874078
hs3 168861276 174522452 0.845697
hs3 178195859 186641952 0.169866
hs3 186736292 187610735 0.898566
hs3 188335420 197296567 0.391024
