hs1 0 6785710 0.762533
hs1 6785711 8954068 0.176881
hs1 8954069 15627996 0.986713
hs1 15627997 20727033 0.968254
hs1 20727034 27483998 0.358937
hs1 27483999 29775851 0.401675
hs1 29775852 39590262 0.934013
hs1 39590263 45679435 0.561787
hs1 45679436 55509334 0.757450
hs1 55509335 62326608 0.502251
hs1 62326609 68386217 0.490698
hs1 68386218 72257329 0.092365
hs1 72257330 80381388 0.143027
hs1 82589529 90991311 0.652693
hs1 90991312 93972969 0.876611
hs1 93972970 103907802 0.116320
hs1 103907803 108755372 0.586761
hs1 108755373 108989331 0.703307
hs1 108989332 112378308 0.975847
hs1 112378309 120151733 0.128149
hs1 120151734 124009695 0.137279
hs1 124009696 129303567 0.173523
hs1 134052989 139268757 0.245067
hs1 139268758 140358765 0.058331
hs1 140358766 149116055 0.804769
hs1 149116056 151031088 0.404030
hs1 151031089 151293311 0.063288
hs1 151293312 152978727 0.760453
hs1 152978728 156258107 0.597813
hs1 156258108 161789146 0.590813
hs1 161789147 171582396 0.808288
hs1 171582397 174741898 0.335314
hs1 174741899 181968884 0.023166
hs1 181968885 190958612 0.673740
hs1 190958613 198462140 0.194796
hs1 198462141 207520984 0.389667
hs1 207520985 212237692 0.708640
hs1 212237693 218555327 0.302365
hs1 219762413 222619132 0.659621
hs1 222619133 229222805 0.577239
hs1 229222806 233212244 0.059262
hs1 233212245 240529846 0.351585
hs1 240529847 240836474 0.828864
hs1 240836475 250463316 0.019700
hs2 0 544187 0.106839
hs2 4988001 7870311 0.709834
hs2 7870312 10278441 0.352389
hs2 10278442 17136079 0.455231
hs2 17136080 24989164 0.963113
hs2 24989165 28395740 0.312441
hs2 31177924 38503621 0.640688
hs2 40902096 45085359 0.212350
hs2 45085360 47500720 0.536639
hs2 47500721 52681930 0.642832
hs2 52681931 56429234 0.289319
hs2 56429235 58450019 0.356648
hs2 58450020 60858158 0.423558
hs2 60858159 63009423 0.174218
hs2 63009424 71720968 0.226052
hs2 71720969 73153334 0.608093
hs2 73153335 74845174 0.132412
hs2 74845175 77766638 0.474435
hs2 77766639 84122421 0.865891
hs2 84122422 89239025 0.876565
hs2 91450769 94878779 0.053162
hs2 94878780 100270422 0.946576
hs2 100270423 108363537 0.809126
hs2 108363538 110272318 0.513265
hs2 110272319 110339716 0.830565
hs2 110339717 114244720 0.428099
hs2 114244721 121470715 0.867576
hs2 121470716 127393539 0.625667
hs2 127393540 136359598 0.052063
hs2 136359599 142651602 0.121037
hs2 142651603 146155913 0.454164
hs2 146155914 150123732 0.053662
hs2 153696626 159083984 0.410344
hs2 159454515 160147198 0.575983
hs2 160147199 165782925 0.620998
hs2 165782926 173154786 0.854549
hs2 173154787 180302416 0.750729
hs2 180302417 184842662 0.702513
hs2 184842663 187098786 0.281109
hs2 190017190 196863261 0.394540
hs2 199643002 207306317 0.663542
hs2 207306318 207895032 0.028675
hs2 207895033 212262945 0.398989
hs2 212262946 213784533 0.394417
hs2 213784534 220441969 0.531619
hs2 220441970 227809429 0.682238
hs2 227809430 232563507 0.185109
hs2 232563508 238355843 0.527020
hs2 240745688 241028832 0.193113
hs2 241028833 244974251 0.816325
hs3 0 2375727 0.579554
hs3 2375728 2472136 0.414199
hs3 2472137 7394365 0.629749
hs3 7558680 8946513 0.452105
hs3 8946514 11207500 0.559937
hs3 11207501 15476346 0.120904
hs3 17590533 19006874 0.340692
hs3 19006875 24795160 0.961190
hs3 24795161 28688176 0.058750
hs3 28688177 33286823 0.494063
hs3 33286824 42275610 0.312169
hs3 42275611 42534488 0.660405
hs3 42534489 46139507 0.525312
hs3 46139508 54362322 0.943897
hs3 54362323 54976993 0.743025
hs3 54976994 60738340 0.241573
hs3 60738341 69728336 0.417457
hs3 69728337 70718584 0.515343
hs3 73218191 77315415 0.936341
hs3 82259554 85421496 0.008982
hs3 85421497 91254582 0.158134
hs3 91254583 98682880 0.347229
hs3 98682881 104291004 0.017298
hs3 104291005 105683865 0.147184
hs3 105683866 106258179 0.342066
hs3 106258180 110202973 0.866863
hs3 110202974 115152576 0.387424
hs3 116086886 125189955 0.491787
hs3 129610177 133419707 0.227623
hs3 133419708 142318067 0.317689
hs3 142318068 146614258 0.075383
hs3 146614259 156295574 0.525893
hs3 156295575 159132961 0.799072
hs3 159132962 164802789 0.467673
hs3 167095469 171769332 0.394471
hs3 171769333 173803476 0.574840
hs3 177580838 181340970 0.934358
hs3 181340971 188708530 0.596064
hs3 188708531 195642976 0.566974
hs3 195642977 197644710 0.421899
hs3 197644711 203790776 0.463567
