hs1 0 4225755 0.828336
hs1 7062960 7489033 0.567553
hs1 7489034 17008645 0.141430
hs1 17008646 20657534 0.586990
hs1 20657535 25082103 0.670437
hs1 25082104 33967261 0.867469
hs1 33967262 43823612 0.740018
hs1 43823613 51513660 0.874079
hs1 51513661 53203278 0.343755
hs1 53203279 55388917 0.945717
hs1 55388918 59121620 0.847521
hs1 61433967 68985923 0.469821
hs1 68985924 75711581 0.299480
hs1 76440784 77561450 0.346134
hs1 77561451 81781515 0.313299
hs1 85202485 85602131 0.476079
hs1 85602132 92006272 0.226504
hs1 92006273 95349204 0.265340
hs1 96593426 103797678 0.252526
hs1 105189139 109418520 0.159445
hs1 109418521 117742574 0.642812
hs1 118933489 126558228 0.045639
hs1 126558229 132833214 0.454505
hs1 132833215 133908792 0.949055
hs1 133908793 138815821 0.379518
hs1 139689481 144109443 0.827161
hs1 144109444 150575540 0.232457
hs1 150575541 160474034 0.423714
hs1 160474035 169258633 0.117687
hs1 170397597 173008282 0.081889
hs1 173008283 177862544 0.999926
hs1 177862545 183148077 0.136007
hs1 183148078 186883427 0.388123
hs1 186883428 191704783 0.002257
hs1 191704784 200228837 0.108971
hs1 200228838 200827781 0.371029
hs1 200827782 208757616 0.694248
hs1 209522215 215705461 0.966943
hs1 215705462 218612612 0.735292
hs1 220860725 227563484 0.187414
hs1 227853186 236594210 0.668261
hs1 239013121 242945180 0.556534
hs1 242945181 248948681 0.845444
hs2 0 9901753 0.338304
hs2 9901754 10779893 0.420706
hs2 10779894 18501356 0.841715
hs2 18501357 24993604 0.531307
hs2 24993605 30218871 0.919911
hs2 30218872 32320504 0.493623
hs2 32532408 35567791 0.916627
hs2 35567792 41808045 0.246954
hs2 46021734 49710406 0.845347
hs2 54468364 57745558 0.077425
hs2 57745559 60327429 0.900073
hs2 60327430 60543441 0.733084
hs2 62187442 66852776 0.491360
hs2 66852777 68879303 0.401678
hs2 68880274 71931609 0.877204
hs2 72128328 81445089 0.664170
hs2 81445090 88446930 0.115640
hs2 91876947 93609703 0.459909
hs2 93609704 100731693 0.504353
hs2 104324903 108441532 0.303483
hs2 108441533 113450874 0.892347
hs2 113450875 113609134 0.478625
hs2 118248883 121344161 0.249680
hs2 121344162 121387770 0.701143
hs2 123093674 131057460 0.663528
hs2 131057461 135490197 0.790696
hs2 139406607 146450750 0.492268
hs2 146450751 153443919 0.220359
hs2 153443920 157691826 0.754063
hs2 157691827 159361153 0.023235
hs2 159361154 164218054 0.952337
hs2 169189485 178075824 0.427009
hs2 179484313 183252021 0.447814
hs2 183252022 190218623 0.760167
hs2 190218624 194278198 0.175235
hs2 194811651 195991706 0.627719
hs2 197351380 202127718 0.972612
hs2 203090251 206144469 0.089609
hs2 208496486 216295969 0.041846
hs2 216295970 223133556 0.591596
hs2 223133557 226871647 0.091762
hs2 226871648 235211730 0.696246
hs2 235211731 241084619 0.528098
hs2 241084620 244851483 0.240776
hs3 0 9365400 0.649705
hs3 9365401 11982189 0.408837
hs3 11982190 12161705 0.186197
hs3 12161706 21396219 0.344934
hs3 21396220 25857838 0.669501
hs3 25857839 28043036 0.363021
hs3 28043037 32529830 0.070267
hs3 32529831 41793244 0.504921
hs3 41793245 43495630 0.849781
hs3 43495631 52148556 0.189571
hs3 52148557 53035131 0.079040
hs3 53035132 56556706 0.960679
hs3 56556707 58545123 0.558842
hs3 58545124 66710706 0.888260
hs3 66710707 74537880 0.938255
hs3 76765773 85475955 0.008592
hs3 85475956 91978465 0.673516
hs3 91978466 92307017 0.297491
hs3 92307018 99410574 0.295425
hs3 99410575 105369156 0.063432
hs3 105369157 111472747 0.860496
hs3 112076257 120653399 0.319842
hs3 120653400 130341848 0.649625
hs3 130341849 130575885 0.650051
hs3 130575886 134766493 0.147750
hs3 134766494 141019414 0.313693
hs3 141019415 143806621 0.088955
hs3 143978124 146252206 0.859977
hs3 146252207 147921292 0.883701
hs3 147921293 153065304 0.311085
hs3 153065305 156064572 0.058343
hs3 156064573 162113833 0.058073
hs3 162113834 167266986 0.431814
hs3 170531249 176278482 0.971969
hs3 176278483 179247440 0.630337
hs3 181988737 189252799 0.874414
hs3 189252800 191288656 0.198255
hs3 191288657 192298475 0.434993
hs3 192298476 193706986 0.001539
hs3 194725221 195629131 0.766535
hs3 195629132 204189710 0.840269
