hs1 45000000 49999999 0.070859 
hs1 55000000 59999999 0.300460 
hs1 60000000 64999999 0.125421 
hs1 70000000 74999999 0.158156 
hs1 75000000 79999999 0.163540 
hs1 80000000 84999999 0.342921 
hs1 85000000 89999999 0.180912 
hs1 95000000 99999999 0.363240 
hs1 100000000 104999999 0.179303 
hs1 105000000 109999999 0.172213 
hs1 110000000 114999999 0.067627 
hs1 115000000 119999999 0.230514 
hs1 140000000 144999999 0.069617 
hs1 150000000 154999999 0.000757 
hs1 155000000 159999999 0.075048 
hs1 160000000 164999999 0.251722 
hs1 165000000 169999999 0.142465 
hs1 170000000 174999999 0.197551 
hs1 175000000 179999999 0.127768 
hs1 180000000 184999999 0.156571 
hs1 185000000 189999999 0.141465 
hs1 190000000 194999999 0.134888 
hs1 195000000 199999999 0.063325 
hs1 205000000 209999999 0.163839 
hs1 215000000 219999999 0.237300 
hs10 40000000 44999999 0.069198 
hs10 45000000 49999999 0.059373 
hs10 50000000 54999999 0.094541 
hs10 65000000 69999999 0.102449 
hs10 75000000 79999999 0.131872 
hs10 80000000 84999999 0.067972 
hs10 90000000 94999999 0.081228 
hs10 105000000 109999999 0.159827 
hs10 130000000 134999999 0.011768 
hs10 135000000 139999999 0.015948 
hs11 0 4999999 0.049448 
hs11 5000000 9999999 0.178401 
hs11 10000000 14999999 0.203679 
hs11 15000000 19999999 0.150254 
hs11 20000000 24999999 0.114591 
hs11 25000000 29999999 0.202580 
hs11 30000000 34999999 0.126903 
hs11 35000000 39999999 0.094663 
hs11 40000000 44999999 0.105383 
hs11 50000000 54999999 0.442162 
hs11 55000000 59999999 0.151954 
hs11 80000000 84999999 0.233682 
hs11 85000000 89999999 0.097854 
hs11 90000000 94999999 0.202255 
hs11 95000000 99999999 0.161879 
hs11 100000000 104999999 0.036104 
hs11 110000000 114999999 0.240378 
hs11 120000000 124999999 0.119544 
hs11 125000000 129999999 0.129117 
hs11 130000000 134999999 0.134760 
hs12 15000000 19999999 0.202760 
hs12 30000000 34999999 0.010777 
hs12 35000000 39999999 0.112535 
hs12 40000000 44999999 0.195458 
hs12 55000000 59999999 0.147028 
hs12 70000000 74999999 0.177857 
hs12 75000000 79999999 0.129291 
hs12 80000000 84999999 0.162775 
hs12 85000000 89999999 0.233374 
hs12 110000000 114999999 0.010515 
hs12 125000000 129999999 0.021818 
hs12 130000000 134999999 0.030150 
hs13 35000000 39999999 0.153345 
hs13 50000000 54999999 0.117015 
hs13 55000000 59999999 0.182564 
hs13 60000000 64999999 0.187096 
hs13 65000000 69999999 0.177656 
hs13 70000000 74999999 0.179224 
hs13 75000000 79999999 0.230108 
hs13 80000000 84999999 0.099215 
hs13 85000000 89999999 0.102714 
hs13 100000000 104999999 0.121626 
hs13 110000000 114999999 0.052188 
hs14 15000000 19999999 0.212517 
hs14 20000000 24999999 0.097492 
hs14 25000000 29999999 0.332257 
hs14 35000000 39999999 0.302913 
hs14 40000000 44999999 0.137202 
hs14 65000000 69999999 0.133464 
hs14 80000000 84999999 0.145301 
hs14 95000000 99999999 0.031903 
hs14 105000000 109999999 0.218110 
hs15 15000000 19999999 0.169078 
hs15 30000000 34999999 0.195057 
hs15 35000000 39999999 0.035656 
hs15 50000000 54999999 0.140731 
hs15 55000000 59999999 0.093326 
hs15 65000000 69999999 0.116611 
hs15 75000000 79999999 0.036988 
hs15 90000000 94999999 0.146845 
hs15 95000000 99999999 0.050051 
hs15 100000000 104999999 0.290614 
hs16 30000000 34999999 0.030295 
hs16 50000000 54999999 0.151772 
hs16 60000000 64999999 0.125126 
hs17 45000000 49999999 0.072803 
hs18 20000000 24999999 0.236411 
hs18 25000000 29999999 0.158490 
hs18 30000000 34999999 0.231344 
hs18 35000000 39999999 0.259774 
hs18 40000000 44999999 0.096712 
hs18 45000000 49999999 0.042529 
hs18 60000000 64999999 0.081154 
hs18 65000000 69999999 0.051204 
hs18 70000000 74999999 0.025154 
hs19 0 4999999 0.088214 
hs19 5000000 9999999 0.031081 
hs19 15000000 19999999 0.003496 
hs19 20000000 24999999 0.676641 
hs19 45000000 49999999 0.035407 
hs19 60000000 64999999 0.068848 
hs2 0 4999999 0.011346 
hs2 15000000 19999999 0.270475 
hs2 20000000 24999999 0.169368 
hs2 50000000 54999999 0.124923 
hs2 55000000 59999999 0.312155 
hs2 65000000 69999999 0.107776 
hs2 75000000 79999999 0.158579 
hs2 80000000 84999999 0.128404 
hs2 115000000 119999999 0.140951 
hs2 135000000 139999999 0.127235 
hs2 140000000 144999999 0.211352 
hs2 145000000 149999999 0.392059 
hs2 150000000 154999999 0.144308 
hs2 155000000 159999999 0.242837 
hs2 160000000 164999999 0.360153 
hs2 165000000 169999999 0.247326 
hs2 175000000 179999999 0.318574 
hs2 180000000 184999999 0.269758 
hs2 185000000 189999999 0.187361 
hs2 190000000 194999999 0.114884 
hs2 195000000 199999999 0.223479 
hs2 205000000 209999999 0.130663 
hs2 210000000 214999999 0.242299 
hs2 215000000 219999999 0.042422 
hs2 220000000 224999999 0.115627 
hs2 240000000 244999999 0.000191 
hs20 10000000 14999999 0.271058 
hs20 15000000 19999999 0.103387 
hs20 20000000 24999999 0.062757 
hs20 50000000 54999999 0.004302 
hs20 55000000 59999999 0.027915 
hs21 10000000 14999999 0.081266 
hs21 15000000 19999999 0.142374 
hs21 20000000 24999999 0.080445 
hs21 25000000 29999999 0.042282 
hs22 45000000 49999999 0.018495 
hs3 0 4999999 0.254668 
hs3 15000000 19999999 0.142330 
hs3 40000000 44999999 0.104252 
hs3 45000000 49999999 0.012736 
hs3 50000000 54999999 0.074515 
hs3 60000000 64999999 0.235448 
hs3 65000000 69999999 0.151597 
hs3 70000000 74999999 0.202422 
hs3 75000000 79999999 0.198831 
hs3 80000000 84999999 0.190274 
hs3 85000000 89999999 0.158496 
hs3 90000000 94999999 0.289692 
hs3 95000000 99999999 0.136670 
hs3 100000000 104999999 0.211257 
hs3 105000000 109999999 0.264618 
hs3 110000000 114999999 0.232718 
hs3 115000000 119999999 0.447877 
hs3 120000000 124999999 0.127344 
hs3 130000000 134999999 0.060828 
hs3 135000000 139999999 0.167436 
hs3 140000000 144999999 0.160368 
hs3 145000000 149999999 0.261633 
hs3 155000000 159999999 0.167830 
hs3 160000000 164999999 0.130948 
hs3 165000000 169999999 0.157522 
hs4 5000000 9999999 0.003871 
hs4 10000000 14999999 0.101899 
hs4 15000000 19999999 0.105060 
hs4 20000000 24999999 0.183899 
hs4 30000000 34999999 0.160165 
hs4 45000000 49999999 0.035085 
hs4 50000000 54999999 0.137470 
hs4 55000000 59999999 0.074321 
hs4 60000000 64999999 0.108696 
hs4 65000000 69999999 0.145020 
hs4 70000000 74999999 0.096959 
hs4 95000000 99999999 0.230866 
hs4 100000000 104999999 0.164243 
hs4 105000000 109999999 0.287146 
hs4 110000000 114999999 0.111103 
hs4 115000000 119999999 0.167513 
hs4 120000000 124999999 0.151372 
hs4 125000000 129999999 0.130052 
hs4 130000000 134999999 0.196394 
hs4 135000000 139999999 0.205271 
hs4 155000000 159999999 0.124661 
hs4 165000000 169999999 0.077013 
hs4 170000000 174999999 0.119523 
hs4 175000000 179999999 0.136018 
hs4 180000000 184999999 0.075189 
hs4 190000000 194999999 0.143221 
hs5 0 4999999 0.051608 
hs5 20000000 24999999 0.048667 
hs5 25000000 29999999 0.157727 
hs5 35000000 39999999 0.135251 
hs5 40000000 44999999 0.212151 
hs5 45000000 49999999 0.108005 
hs5 50000000 54999999 0.202523 
hs5 55000000 59999999 0.141756 
hs5 60000000 64999999 0.198889 
hs5 65000000 69999999 0.036018 
hs5 80000000 84999999 0.193057 
hs5 85000000 89999999 0.376494 
hs5 90000000 94999999 0.331613 
hs5 95000000 99999999 0.182445 
hs5 100000000 104999999 0.258081 
hs5 105000000 109999999 0.276651 
hs5 110000000 114999999 0.138339 
hs5 115000000 119999999 0.185728 
hs5 120000000 124999999 0.280432 
hs5 125000000 129999999 0.231587 
hs5 140000000 144999999 0.219056 
hs5 160000000 164999999 0.220651 
hs5 165000000 169999999 0.264562 
hs6 5000000 9999999 0.039022 
hs6 25000000 29999999 0.060995 
hs6 30000000 34999999 0.026132 
hs6 45000000 49999999 0.152129 
hs6 50000000 54999999 0.153833 
hs6 55000000 59999999 0.164140 
hs6 60000000 64999999 0.119126 
hs6 65000000 69999999 0.108043 
hs6 70000000 74999999 0.073205 
hs6 75000000 79999999 0.190887 
hs6 80000000 84999999 0.202893 
hs6 85000000 89999999 0.192816 
hs6 90000000 94999999 0.312103 
hs6 95000000 99999999 0.334671 
hs6 100000000 104999999 0.282048 
hs6 115000000 119999999 0.239301 
hs6 120000000 124999999 0.200419 
hs6 125000000 129999999 0.245078 
hs6 140000000 144999999 0.183516 
hs6 145000000 149999999 0.147346 
hs6 170000000 174999999 0.056223 
hs6_cox_hap1 0 4999999 0.080421 
hs6_qbl_hap2 0 4999999 0.062773 
hs7 10000000 14999999 0.222980 
hs7 15000000 19999999 0.204196 
hs7 25000000 29999999 0.217879 
hs7 30000000 34999999 0.184464 
hs7 40000000 44999999 0.052866 
hs7 50000000 54999999 0.048205 
hs7 65000000 69999999 0.035049 
hs7 80000000 84999999 0.132740 
hs7 85000000 89999999 0.209133 
hs7 90000000 94999999 0.304275 
hs7 105000000 109999999 0.118309 
hs7 110000000 114999999 0.334958 
hs7 115000000 119999999 0.231211 
hs7 120000000 124999999 0.195226 
hs7 140000000 144999999 0.069827 
hs8 20000000 24999999 0.006915 
hs8 50000000 54999999 0.034235 
hs8 60000000 64999999 0.217537 
hs8 65000000 69999999 0.120969 
hs8 70000000 74999999 0.183611 
hs8 75000000 79999999 0.281687 
hs8 85000000 89999999 0.112075 
hs8 90000000 94999999 0.310729 
hs8 95000000 99999999 0.029676 
hs8 105000000 109999999 0.259072 
hs8 110000000 114999999 0.167306 
hs8 115000000 119999999 0.276128 
hs8 120000000 124999999 0.078730 
hs8 130000000 134999999 0.068647 
hs8 135000000 139999999 0.074395 
hs8 140000000 144999999 0.001728 
hs8 145000000 149999999 0.201011 
hs9 0 4999999 0.145533 
hs9 5000000 9999999 0.094978 
hs9 10000000 14999999 0.231767 
hs9 15000000 19999999 0.141332 
hs9 20000000 24999999 0.311918 
hs9 25000000 29999999 0.210772 
hs9 30000000 34999999 0.049249 
hs9 40000000 44999999 0.148875 
hs9 45000000 49999999 0.087730 
hs9 65000000 69999999 0.182395 
hs9 80000000 84999999 0.341093 
hs9 100000000 104999999 0.168489 
hs9 115000000 119999999 0.139553 
hs9 140000000 144999999 0.037919 
hsX 10000000 14999999 0.339356 
hsX 15000000 19999999 0.110288 
hsX 20000000 24999999 0.259945 
hsX 25000000 29999999 0.295213 
hsX 30000000 34999999 0.241662 
hsX 35000000 39999999 0.296888 
hsX 45000000 49999999 0.092521 
hsX 50000000 54999999 0.237169 
hsX 55000000 59999999 0.473954 
hsX 60000000 64999999 0.400579 
hsX 65000000 69999999 0.447925 
hsX 70000000 74999999 0.261993 
hsX 75000000 79999999 0.281912 
hsX 80000000 84999999 0.392545 
hsX 85000000 89999999 0.362504 
hsX 90000000 94999999 0.361781 
hsX 95000000 99999999 0.524297 
hsX 100000000 104999999 0.295934 
hsX 105000000 109999999 0.464731 
hsX 110000000 114999999 0.343236 
hsX 115000000 119999999 0.152588 
hsX 120000000 124999999 0.386297 
hsX 125000000 129999999 0.377613 
hsX 130000000 134999999 0.208889 
hsX 135000000 139999999 0.370873 
hsX 140000000 144999999 0.230952 
hsX 145000000 149999999 0.377557 
hsX 150000000 154999999 0.181897 
hsY 5000000 9999999 0.031316 
hsY 10000000 14999999 0.066598 
hsY 55000000 59999999 0.644468 
