hs1 0 5663233 0.865360
hs1 5663234 14085713 0.931638
hs1 14085714 18177771 0.883324
hs1 18404454 23247828 0.907755
hs1 23247829 26052849 0.744219
hs1 26052850 33454728 0.574669
hs1 34276465 40315618 0.814768
hs1 40315619 48552047 0.032428
hs1 48552048 53195299 0.021481
hs1 53195300 58220817 0.337159
hs1 58220818 67039055 0.999343
hs1 69351134 78845483 0.246120
hs1 78845484 88226329 0.097126
hs1 88226330 93250497 0.501774
hs1 93250498 101659532 0.205907
hs1 101659533 107351978 0.391477
hs1 107351979 107684717 0.112745
hs1 110614186 110672642 0.570372
hs1 114248382 123049376 0.098033
hs1 123049377 126106946 0.167282
hs1 126106947 129093657 0.792927
hs1 131824548 140303481 0.006900
hs1 140303482 149686269 0.892333
hs1 153986350 156661391 0.376267
hs1 156661392 158259893 0.179295
hs1 161646807 169034839 0.139537
hs1 169034840 170217351 0.458238
hs1 170217352 176093691 0.162239
hs1 176093692 183172752 0.417333
hs1 183172753 185059463 0.944722
hs1 185059464 195025878 0.144414
hs1 195025879 200466268 0.084192
hs1 200466269 200897977 0.006165
hs1 203254076 206142672 0.685751
hs1 209033730 215737688 0.866945
hs1 215737689 216978975 0.125036
hs1 216978976 225476015 0.171443
hs1 225476016 233860480 0.628569
hs1 236813613 245220638 0.244464
hs2 0 1475211 0.982626
hs2 1475212 2738595 0.271502
hs2 2738596 8278421 0.307438
hs2 8278422 13129490 0.815364
hs2 13129491 16228899 0.240731
hs2 16605422 19106049 0.396927
hs2 19106050 22614517 0.063123
hs2 22614518 31800579 0.622270
hs2 34766970 42382962 0.267597
hs2 42382963 50358170 0.573705
hs2 50358171 59702924 0.826253
hs2 59702925 62647930 0.698905
hs2 62647931 63481360 0.939777
hs2 63481361 71485467 0.230105
hs2 71485468 73382946 0.368524
hs2 73382947 81840787 0.244525
hs2 81840788 89579277 0.538864
hs2 89579278 93184911 0.837451
hs2 93184912 94253027 0.494385
hs2 98353636 102532205 0.521067
hs2 102532206 108643678 0.418800
hs2 108643679 116648513 0.884937
hs2 118691100 121007345 0.895875
hs2 121007346 121940742 0.758171
hs2 124279014 129296571 0.291405
hs2 129296572 137047888 0.598644
hs2 137047889 145842890 0.643267
hs2 148102293 157699991 0.601235
hs2 159153235 165960272 0.227791
hs2 169869990 170077314 0.064920
hs2 174910728 180910046 0.534161
hs2 180910047 184119695 0.887648
hs2 184119696 187876989 0.723308
hs2 187876990 194540843 0.668264
hs2 197679480 203989303 0.773702
hs2 203989304 213017591 0.786377
hs2 213017592 216006892 0.423696
hs2 216006893 218849538 0.003891
hs2 218849539 222164703 0.708566
hs2 222164704 230708580 0.586041
hs2 230708581 236500062 0.360069
hs2 241008066 242049904 0.675117
hs2 242049905 250345499 0.587378
hs3 0 5948320 0.666651
hs3 5948321 15932042 0.790424
hs3 15932043 16615172 0.635731
hs3 16615173 20365791 0.570206
hs3 20365792 28439295 0.440149
hs3 29357369 35811729 0.995297
hs3 35811730 42329951 0.987502
hs3 42329952 43683478 0.459806
hs3 43963210 45268524 0.294922
hs3 45268525 48771489 0.625249
hs3 48771490 55023885 0.392985
hs3 55023886 59239501 0.877259
hs3 59755990 63237192 0.829442
hs3 63237193 68358894 0.447822
hs3 68358895 70201893 0.513776
hs3 73666043 79508965 0.854657
hs3 79508966 80788038 0.910176
hs3 80788039 82636167 0.591625
hs3 82636168 83866850 0.134379
hs3 88554165 89222427 0.067507
hs3 89222428 95327733 0.338941
hs3 99664475 104986671 0.635215
hs3 104986672 114747860 0.881829
hs3 114747861 118289270 0.179498
hs3 118289271 122279029 0.164847
hs3 126907033 127087329 0.138410
hs3 127087330 130142827 0.701247
hs3 130142828 138203035 0.022284
hs3 138203036 145698561 0.925990
hs3 145698562 155117717 0.463712
hs3 155117718 160703868 0.497461
hs3 160703869 166829323 0.582953
hs3 166829324 166980598 0.356050
hs3 171467814 173330204 0.985484
hs3 173680480 175398053 0.602866
hs3 178232883 181835212 0.021826
hs3 181835213 188249211 0.340947
hs3 188249212 191111743 0.034538
hs3 191111744 199579930 0.981673
