hs1 0 225820 0.288116
hs1 225821 5574317 0.529078
hs1 5574318 10598840 0.983198
hs1 13933052 20628734 0.510013
hs1 20628735 20765012 0.388731
hs1 20765013 21726684 0.080772
hs1 21726685 28544378 0.654359
hs1 28544379 34275370 0.285821
hs1 34275371 41702255 0.052745
hs1 41702256 42781166 0.513158
hs1 42781167 45241891 0.964198
hs1 45241892 46366855 0.450302
hs1 46366856 49982236 0.467919
hs1 49982237 52171399 0.329301
hs1 52171400 55900029 0.506462
hs1 55900030 65779082 0.197361
hs1 65779083 70446541 0.325344
hs1 74083058 82505228 0.200675
hs1 87437021 95929107 0.906335
hs1 95929108 101536306 0.901257
hs1 101536307 107093898 0.410826
hs1 107093899 112902437 0.460063
hs1 112902438 118509363 0.228753
hs1 118509364 120252107 0.114415
hs1 120252108 124616260 0.088926
hs1 126971800 129813492 0.753697
hs1 129813493 138467840 0.828198
hs1 138482220 142908341 0.554558
hs1 147169966 154826626 0.839782
hs1 158380288 165604804 0.575290
hs1 165604805 172144442 0.925097
hs1 172144443 173350605 0.928809
hs1 173350606 174783546 0.258895
hs1 178233584 179417091 0.654628
hs1 179417092 180874326 0.444022
hs1 180874327 185062117 0.692433
hs1 185062118 189426151 0.180010
hs1 192221234 192454475 0.423369
hs1 192454476 199684404 0.898805
hs1 199684405 208443369 0.089853
hs1 208443370 211048020 0.831273
hs1 211048021 213821991 0.030703
hs1 213821992 217352023 0.359762
hs1 217352024 218881657 0.075625
hs1 218881658 226808654 0.184800
hs1 229364091 229769254 0.631542
hs1 230091935 234082233 0.788157
hs1 239010747 242626310 0.963005
hs1 242626311 246062078 0.909826
hs1 246062079 247399876 0.919884
hs2 0 8712458 0.273074
hs2 8712459 16612262 0.897771
hs2 16612263 20234401 0.589591
hs2 20234402 22022624 0.130008
hs2 24217101 28398217 0.955845
hs2 28522737 29927381 0.504961
hs2 32601173 40615723 0.112105
hs2 40615724 43352126 0.978167
hs2 43352127 49442999 0.677205
hs2 49461091 55867941 0.306180
hs2 60774168 60958286 0.394967
hs2 60958287 62889634 0.267427
hs2 62889635 65984106 0.632307
hs2 65984107 72413102 0.755130
hs2 72413103 78775562 0.854384
hs2 82773743 86300297 0.128298
hs2 91026043 93005808 0.568783
hs2 93005809 98745516 0.989025
hs2 98745517 99175274 0.278545
hs2 99175275 99403538 0.117842
hs2 99403539 106686878 0.312977
hs2 106686879 110182519 0.643536
hs2 110998372 115529265 0.015513
hs2 115529266 120868611 0.649884
hs2 120868612 121717197 0.659525
hs2 121717198 127875177 0.328939
hs2 127875178 134952604 0.635783
hs2 134952605 139534229 0.478998
hs2 139534230 148870281 0.909438
hs2 150568597 154884890 0.615106
hs2 154884891 157278144 0.479671
hs2 157278145 157357613 0.210924
hs2 157357614 157551486 0.591834
hs2 157551487 160104042 0.623011
hs2 160104043 168865806 0.749684
hs2 170268541 171655979 0.062068
hs2 171655980 180752069 0.154483
hs2 183236520 186714645 0.570384
hs2 189836434 193968727 0.058027
hs2 193968728 194913541 0.340738
hs2 198987400 203344095 0.658320
hs2 204496295 214072824 0.869201
hs2 218043433 219287125 0.589412
hs2 219287126 223126948 0.372789
hs2 227111647 233438825 0.761080
hs2 236599666 245584500 0.622634
hs3 0 6422813 0.289310
hs3 6422814 10689181 0.844304
hs3 10689182 12974597 0.525215
hs3 12974598 16821028 0.619146
hs3 18148956 26964712 0.737816
hs3 26964713 30520777 0.784002
hs3 30520778 40344481 0.835245
hs3 40344482 42712524 0.171361
hs3 42712525 52022166 0.619279
hs3 53850866 61019297 0.658000
hs3 61019298 65263047 0.459701
hs3 65263048 73476819 0.397387
hs3 73476820 74379587 0.947850
hs3 74379588 74901579 0.299599
hs3 75556503 83522937 0.042820
hs3 83522938 86891930 0.792233
hs3 86891931 91672865 0.459107
hs3 93328821 99377977 0.646755
hs3 99377978 101842133 0.561139
hs3 101842134 104949037 0.186988
hs3 104949038 113806800 0.827914
hs3 113806801 120164461 0.509874
hs3 120164462 125888026 0.030156
hs3 127560440 131751000 0.443409
hs3 131751001 139787804 0.622666
hs3 139787805 140669187 0.842607
hs3 140669188 141415709 0.496207
hs3 141415710 151358897 0.481577
hs3 151358898 159312176 0.156087
hs3 159312177 165215532 0.238284
hs3 166833259 169930315 0.598710
hs3 169930316 178249905 0.488279
hs3 178249906 184703140 0.642718
hs3 184703141 185036929 0.624660
hs3 185036930 193039104 0.237948
hs3 197950758 199562238 0.403775
