hs11 0 9661395 0.276457
hs11 12179401 30361184 0.846690
hs11 34108989 54008929 -0.819491
hs11 60256313 72477307 0.099377
hs11 77767783 85386495 0.715192
hs11 94927476 108894545 -0.009201
hs11 115881969 125639481 0.676057
hs11 125791404 130067033 -0.579628
hs11 130228867 133648566 0.871795
hs21 0 9807876 -0.440232
hs21 18969430 25639196 0.932948
hs21 31685577 49612783 -0.121002
hs7 0 19279769 0.842996
hs7 27135081 33071457 0.530108
hs7 39889882 58290596 -0.957549
hs7 67395927 78396382 0.040324
hs7 80331882 82331882 0.284559
hs7 85612550 94975678 0.905927
hs7 95052185 100291764 -0.298539
hs7 104749603 106749603 0.121584
hs7 114544867 128655956 -0.578361
hs7 138083247 140145887 -0.485034
hs7 140350822 148427270 -0.126695
hs7 156513848 171305776 0.710058
hs22 0 3969504 -0.545768
hs2 0 6635663 0.647906
hs2 7539735 25033408 0.583430
hs2 30935357 49901739 -0.230649
hs2 57650249 70440462 0.589465
hs2 73597283 77238112 0.714472
hs2 87157826 106936517 -0.794660
hs2 107247195 119645157 -0.345941
hs2 126080058 128080058 -0.629679
hs2 131633076 147490101 -0.665571
hs2 149292991 156713234 0.449030
hs2 162285039 164793459 0.000046
hs2 167191187 185323837 0.519210
hs2 190832974 209504670 0.235270
hs2 213909926 219529322 0.594286
hs2 222118003 238498395 -0.208948
hs2 242715858 250894114 0.000760
hs17 0 15108579 0.528306
hs17 18461500 27126219 0.531418
hs17 29495339 45344514 0.862344
hs17 54330549 72265667 0.913719
hs17 74536943 76705181 0.699369
hs17 78468623 94878501 0.505307
hs0 0 11347413 -0.639945
hs0 15000201 24868766 0.785565
hs0 26688433 38239142 -0.421009
hs0 38313664 40313664 0.634329
hs0 45841941 62599634 0.033558
hs22 0 8392780 -0.839652
hs22 13527573 16321239 -0.969341
hs22 16791528 33929922 -0.770562
hs22 40019784 42330598 0.031552
hs22 48300247 50882052 -0.508529
hs1 0 6661173 0.776595
hs1 12833508 19894956 -0.487945
hs1 22508903 24508903 -0.534181
hs1 24764037 34308951 0.384075
hs1 40491991 48956530 -0.888079
hs1 50133574 54046258 0.770654
hs1 54592924 70075266 0.296343
hs1 71796013 75073109 0.440055
hs1 75770953 93803286 -0.035457
hs1 99759374 101759374 0.459244
hs1 110416957 116006842 -0.994728
hs1 124613006 134539167 -0.737550
hs1 143339920 162693434 -0.654408
hs1 171193371 187070930 0.786894
hs1 190967605 192967605 0.524215
hs1 197749805 208887140 -0.348850
hs1 218014171 226529357 -0.509158
hs1 230429508 246231667 -0.557172
hs1 246697382 250827314 -0.550315
hs0 0 17698122 -0.598995
hs18 0 14401940 -0.514472
hs18 19081304 34015420 0.119523
hs18 37306709 42395945 -0.253315
hs18 47166820 50718893 -0.714826
hs18 56682462 76293940 0.743113
hs13 0 2000000 -0.784140
hs13 8587996 12810817 0.953202
hs13 22258230 32266970 -0.684175
hs13 35443425 52446741 -0.996495
hs13 60852062 65630563 0.709395
hs13 71050334 87252486 0.942705
hs13 91429313 99894386 0.922247
hs13 106386161 110389562 0.440321
hs16 0 19795119 0.772930
hs16 21870690 33808178 0.192883
hs16 34906487 36906487 0.630526
hs16 44499142 51443526 0.713167
hs16 53402959 72247534 0.773824
hs16 80484772 92395008 -0.606712
hs6 0 9746097 0.682831
hs6 16811349 18811349 0.344337
hs6 24483387 26483387 -0.760733
hs6 34473767 53007481 -0.720030
hs6 62691030 76194658 -0.032096
hs6 85707602 94699058 0.395635
hs6 102813962 106990198 -0.992501
hs6 115955873 130910409 -0.479341
hs6 132822210 134822210 0.973857
hs6 139890686 148097902 0.107216
hs6 149401645 153723873 0.830545
hs6 162367516 175217307 -0.970264
hs6 0 12174404 -0.797882
hs5 0 13685314 -0.245048
hs3 0 5071581 -0.728522
hs3 13121834 15961475 -0.460383
hs3 16883815 35648310 -0.263842
hs3 42546470 51624895 -0.414687
hs3 54978851 71335403 0.877841
hs3 76082169 83441654 0.897093
hs3 91827841 109386641 -0.764746
hs3 117720512 130679334 0.178035
hs3 132690060 139222499 -0.251868
hs3 143024634 162920538 0.223421
hs3 171173084 187495077 0.473279
hs3 195216450 211233753 0.129077
hs0 0 3452992 0.082119
hs0 11503571 19003315 -0.358994
hs0 28170746 42895744 0.272727
hs0 48124978 50242136 0.482795
hs0 54704900 67824190 -0.133958
hs0 72519381 92517955 0.123613
hs0 94053007 97211428 -0.941436
hs0 98324615 116234389 0.097618
hs0 124433390 139351893 -0.854979
hs0 141980719 154308325 0.599134
hs6 0 2000000 0.694964
hs9 0 10521391 -0.890434
hs9 15233317 28986244 0.437542
hs9 34694206 47003157 0.682818
hs9 50064372 59610971 0.346702
hs9 60320712 65047463 0.149855
hs9 69224494 71224494 0.717681
hs9 80953930 90850771 -0.665042
hs9 95875270 100072558 -0.941581
hs9 103282757 119274602 0.044949
hs9 119727821 137048484 -0.597233
hs9 138761946 152434153 0.841623
hs12 0 8289302 0.957702
hs12 18022661 33712015 0.729308
hs12 33760772 38659974 0.216690
hs12 45732150 48683971 -0.636982
hs12 52926377 58316488 -0.493040
hs12 62013075 74511624 0.163706
hs12 82334363 99970620 -0.662266
hs12 104688921 114139965 -0.034673
hs12 122524869 135955981 0.255595
hs20 0 18266040 -0.412687
hs20 20966437 25379182 -0.523722
hs20 34993051 44611280 -0.336239
hs20 48783661 50783661 -0.064743
hs20 59023478 76155259 -0.366731
hs15 0 19369192 -0.539833
hs15 22108070 31701976 0.203366
hs15 41310199 58846687 -0.489081
hs15 65198200 74358930 -0.820306
hs15 74532714 82394835 -0.561821
hs15 89527264 99254416 -0.232168
hs14 0 2000000 0.618825
hs14 5289321 7289321 0.546966
hs14 17051481 26051763 0.255435
hs14 32328048 50959016 0.743919
hs14 56681245 59566269 -0.484638
hs14 60476859 65666110 0.324632
hs14 65823851 68430515 0.125582
hs14 72929065 83170301 0.320521
hs14 91222224 102571868 0.710939
hs8 0 6050633 0.035997
hs8 6885491 13562526 -0.953850
hs8 17275360 34336038 0.838239
hs8 39461542 58681531 -0.491252
hs8 61364134 63364134 -0.375267
hs8 68437599 70674492 0.004992
hs8 73883453 76841984 -0.769573
hs8 78553867 95114275 -0.995339
hs8 99316098 101316098 0.756739
hs8 102608563 108642149 -0.157345
hs8 118144137 135378295 -0.056095
hs8 145026217 147372638 -0.817195
hs4 0 7520855 -0.165977
hs4 12310871 24835199 0.509737
hs4 32482951 36734670 -0.237732
hs4 46391810 57501449 -0.331210
hs4 60977434 80720738 -0.141124
hs4 84407200 104013638 0.637773
hs4 112773414 122137695 -0.126719
hs4 124412203 138322391 0.743002
hs4 147066431 156911522 0.590817
hs4 158989743 165633311 0.981292
hs4 172255620 174255620 -0.747881
hs4 181499447 192867129 -0.710415
hs10 0 14976087 -0.688609
hs10 16839849 34258470 -0.052093
hs10 43048100 55728897 -0.566910
hs10 57704054 70803670 -0.461007
hs10 75005373 77577865 -0.259836
hs10 80998979 89224551 0.579503
hs10 99212599 108875217 -0.495788
hs10 116637599 134138975 0.485646
hs10 134614840 144619311 -0.202586
hs19 0 15621329 -0.146305
hs19 17805205 30827603 0.703101
hs19 36583508 42379883 -0.383961
hs19 43817421 51721091 0.834800
hs19 60467375 77772389 0.820220
hs5 0 9041077 0.371821
hs5 18463948 37780834 -0.388597
hs5 42525365 60740213 -0.714600
hs5 65131995 67131995 -0.942846
hs5 74575962 76575962 -0.173440
hs5 79711237 95573802 0.694060
hs5 102181752 107020825 0.331259
hs5 115051062 117051062 -0.681233
hs5 120772107 139349208 0.530568
hs5 146651668 150379835 -0.374796
hs5 155595063 166230124 -0.156888
hs5 167115149 170521105 0.548376
hs5 172068972 179363200 -0.027911
