hs2 0 249999 0.237788
hs2 250000 499999 0.291066
hs2 500000 749999 0.845814
hs2 750000 999999 0.152208
hs2 1000000 1249999 0.585537
hs2 1250000 1499999 0.193475
hs2 1500000 1749999 0.810623
hs2 1750000 1999999 0.173531
hs2 2000000 2249999 0.484983
hs2 2250000 2499999 0.151863
hs2 2500000 2749999 0.366957
hs2 2750000 2999999 0.491736
hs2 3000000 3249999 0.910094
hs2 3250000 3499999 0.265257
hs2 3500000 3749999 0.893188
hs2 3750000 3999999 0.220351
hs2 4000000 4249999 0.631798
hs2 4250000 4499999 0.571077
hs2 4500000 4749999 0.332158
hs2 4750000 4999999 0.104455
hs2 5000000 5249999 0.502931
hs2 5250000 5499999 0.567394
hs2 5500000 5749999 0.854165
hs2 5750000 5999999 0.0401409
hs2 6000000 6249999 0.108022
hs2 6250000 6499999 0.639396
hs2 6500000 6749999 0.013111
hs2 6750000 6999999 0.720184
hs2 7000000 7249999 0.101814
hs2 7250000 7499999 0.482945
hs2 7500000 7749999 0.254355
hs2 7750000 7999999 0.676697
hs2 8000000 8249999 0.896782
hs2 8250000 8499999 0.759896
hs2 8500000 8749999 0.720292
hs2 8750000 8999999 0.907623
hs2 9000000 9249999 0.928611
hs2 9250000 9499999 0.377663
hs2 9500000 9749999 0.899756
hs2 9750000 9999999 0.77888
hs2 10000000 10249999 0.324255
hs2 10250000 10499999 0.194231
hs2 10500000 10749999 0.995553
hs2 10750000 10999999 0.161296
hs2 11000000 11249999 0.708034
hs2 11250000 11499999 0.501519
hs2 11500000 11749999 0.936301
hs2 11750000 11999999 0.716323
hs2 12000000 12249999 0.10519
hs2 12250000 12499999 0.209205
hs2 12500000 12749999 0.559397
hs2 12750000 12999999 0.705432
hs2 13000000 13249999 0.0782337
hs2 13250000 13499999 0.51053
hs2 13500000 13749999 0.196197
hs2 13750000 13999999 0.274211
hs2 14000000 14249999 0.638602
hs2 14250000 14499999 0.448208
hs2 14500000 14749999 0.0398718
hs2 14750000 14999999 0.467251
hs2 15000000 15249999 0.0777565
hs2 15250000 15499999 0.0381004
hs2 15500000 15749999 0.160044
hs2 15750000 15999999 0.397832
hs2 16000000 16249999 0.688898
hs2 16250000 16499999 0.534712
hs2 16500000 16749999 0.68692
hs2 16750000 16999999 0.272457
hs2 17000000 17249999 0.465933
hs2 17250000 17499999 0.276555
hs2 17500000 17749999 0.450086
hs2 17750000 17999999 0.935069
hs2 18000000 18249999 0.0869318
hs2 18250000 18499999 0.453889
hs2 18500000 18749999 0.945625
hs2 18750000 18999999 0.855719
hs2 19000000 19249999 0.120976
hs2 19250000 19499999 0.0141639
hs2 19500000 19749999 0.234515
hs2 19750000 19999999 0.866313
hs2 20000000 20249999 0.43739
hs2 20250000 20499999 0.769548
hs2 20500000 20749999 0.874003
hs2 20750000 20999999 0.376934
hs2 21000000 21249999 0.944328
hs2 21250000 21499999 0.798493
hs2 21500000 21749999 0.838634
hs2 21750000 21999999 0.946656
hs2 22000000 22249999 0.586052
hs2 22250000 22499999 0.599163
hs2 22500000 22749999 0.319347
hs2 22750000 22999999 0.421162
hs2 23000000 23249999 0.904107
hs2 23250000 23499999 0.158462
hs2 23500000 23749999 0.835159
hs2 23750000 23999999 0.731942
hs2 24000000 24249999 0.491837
hs2 24250000 24499999 0.212129
hs2 24500000 24749999 0.119752
hs2 24750000 24999999 0.0483631
hs2 25000000 25249999 0.426026
hs2 25250000 25499999 0.325782
hs2 25500000 25749999 0.104662
hs2 25750000 25999999 0.428916
hs2 26000000 26249999 0.623148
hs2 26250000 26499999 0.6187
hs2 26500000 26749999 0.779997
hs2 26750000 26999999 0.488031
hs2 27000000 27249999 0.98955
hs2 27250000 27499999 0.925851
hs2 27500000 27749999 0.642174
hs2 27750000 27999999 0.747365
hs2 28000000 28249999 0.956569
hs2 28250000 28499999 0.515966
hs2 28500000 28749999 0.221398
hs2 28750000 28999999 0.299632
hs2 29000000 29249999 0.810162
hs2 29250000 29499999 0.00635903
hs2 29500000 29749999 0.28057
hs2 29750000 29999999 0.919172
hs2 30000000 30249999 0.36738
hs2 30250000 30499999 0.407252
hs2 30500000 30749999 0.874503
hs2 30750000 30999999 0.95226
hs2 31000000 31249999 0.99036
hs2 31250000 31499999 0.150404
hs2 31500000 31749999 0.548236
hs2 31750000 31999999 0.237134
hs2 32000000 32249999 0.771846
hs2 32250000 32499999 0.458766
hs2 32500000 32749999 0.731223
hs2 32750000 32999999 0.197155
hs2 33000000 33249999 0.473711
hs2 33250000 33499999 0.923797
hs2 33500000 33749999 0.858866
hs2 33750000 33999999 0.945798
hs2 34000000 34249999 0.399686
hs2 34250000 34499999 0.345312
hs2 34500000 34749999 0.201031
hs2 34750000 34999999 0.322008
hs2 35000000 35249999 0.336171
hs2 35250000 35499999 0.570686
hs2 35500000 35749999 0.437
hs2 35750000 35999999 0.87439
hs2 36000000 36249999 0.643938
hs2 36250000 36499999 0.517941
hs2 36500000 36749999 0.894874
hs2 36750000 36999999 0.839202
hs2 37000000 37249999 0.637695
hs2 37250000 37499999 0.476329
hs2 37500000 37749999 0.422985
hs2 37750000 37999999 0.00903642
hs2 38000000 38249999 0.608199
hs2 38250000 38499999 0.927547
hs2 38500000 38749999 0.348708
hs2 38750000 38999999 0.252815
hs2 39000000 39249999 0.411277
hs2 39250000 39499999 0.246436
hs2 39500000 39749999 0.978378
hs2 39750000 39999999 0.470215
hs2 40000000 40249999 0.682345
hs2 40250000 40499999 0.802097
hs2 40500000 40749999 0.85046
hs2 40750000 40999999 0.276486
hs2 41000000 41249999 0.602268
hs2 41250000 41499999 0.70693
hs2 41500000 41749999 0.135846
hs2 41750000 41999999 0.758994
hs2 42000000 42249999 0.377694
hs2 42250000 42499999 0.157691
hs2 42500000 42749999 0.645722
hs2 42750000 42999999 0.635273
hs2 43000000 43249999 0.561124
hs2 43250000 43499999 0.203298
hs2 43500000 43749999 0.950663
hs2 43750000 43999999 0.907232
hs2 44000000 44249999 0.423198
hs2 44250000 44499999 0.644596
hs2 44500000 44749999 0.944228
hs2 44750000 44999999 0.75439
hs2 45000000 45249999 0.760749
hs2 45250000 45499999 0.0413186
hs2 45500000 45749999 0.960491
hs2 45750000 45999999 0.327871
hs2 46000000 46249999 0.735123
hs2 46250000 46499999 0.609626
hs2 46500000 46749999 0.561885
hs2 46750000 46999999 0.552245
hs2 47000000 47249999 0.70265
hs2 47250000 47499999 0.250886
hs2 47500000 47749999 0.488021
hs2 47750000 47999999 0.259866
hs2 48000000 48249999 0.718632
hs2 48250000 48499999 0.449855
hs2 48500000 48749999 0.64701
hs2 48750000 48999999 0.120721
hs2 49000000 49249999 0.0445171
hs2 49250000 49499999 0.903383
hs2 49500000 49749999 0.84918
hs2 49750000 49999999 0.248867
hs2 50000000 50249999 0.594179
hs2 50250000 50499999 0.79521
hs2 50500000 50749999 0.117217
hs2 50750000 50999999 0.453389
hs2 51000000 51249999 0.0240753
hs2 51250000 51499999 0.461075
hs2 51500000 51749999 0.335465
hs2 51750000 51999999 0.979403
hs2 52000000 52249999 0.497344
hs2 52250000 52499999 0.392218
hs2 52500000 52749999 0.23142
hs2 52750000 52999999 0.869115
hs2 53000000 53249999 0.345444
hs2 53250000 53499999 0.768428
hs2 53500000 53749999 0.777465
hs2 53750000 53999999 0.385664
hs2 54000000 54249999 0.313211
hs2 54250000 54499999 0.661919
hs2 54500000 54749999 0.914734
hs2 54750000 54999999 0.326011
hs2 55000000 55249999 0.572447
hs2 55250000 55499999 0.550825
hs2 55500000 55749999 0.0210396
hs2 55750000 55999999 0.703384
hs2 56000000 56249999 0.505481
hs2 56250000 56499999 0.355941
hs2 56500000 56749999 0.632427
hs2 56750000 56999999 0.234695
hs2 57000000 57249999 0.941625
hs2 57250000 57499999 0.0774716
hs2 57500000 57749999 0.836466
hs2 57750000 57999999 0.21416
hs2 58000000 58249999 0.371851
hs2 58250000 58499999 0.0175735
hs2 58500000 58749999 0.652846
hs2 58750000 58999999 0.21397
hs2 59000000 59249999 0.417268
hs2 59250000 59499999 0.367931
hs2 59500000 59749999 0.275164
hs2 59750000 59999999 0.698362
hs2 60000000 60249999 0.342959
hs2 60250000 60499999 0.287187
hs2 60500000 60749999 0.0415765
hs2 60750000 60999999 0.802325
hs2 61000000 61249999 0.843644
hs2 61250000 61499999 0.804135
hs2 61500000 61749999 0.132005
hs2 61750000 61999999 0.867128
hs2 62000000 62249999 0.476754
hs2 62250000 62499999 0.0386389
hs2 62500000 62749999 0.590884
hs2 62750000 62999999 0.293534
hs2 63000000 63249999 0.54442
hs2 63250000 63499999 0.032441
hs2 63500000 63749999 0.292307
hs2 63750000 63999999 0.010939
hs2 64000000 64249999 0.460794
hs2 64250000 64499999 0.107803
hs2 64500000 64749999 0.228524
hs2 64750000 64999999 0.273041
hs2 65000000 65249999 0.176424
hs2 65250000 65499999 0.0256045
hs2 65500000 65749999 0.274471
hs2 65750000 65999999 0.86865
hs2 66000000 66249999 0.66386
hs2 66250000 66499999 0.781077
hs2 66500000 66749999 0.234466
hs2 66750000 66999999 0.258542
hs2 67000000 67249999 0.719617
hs2 67250000 67499999 0.0550814
hs2 67500000 67749999 0.0344843
hs2 67750000 67999999 0.531828
hs2 68000000 68249999 0.924046
hs2 68250000 68499999 0.155466
hs2 68500000 68749999 0.0245813
hs2 68750000 68999999 0.370025
hs2 69000000 69249999 0.138454
hs2 69250000 69499999 0.915918
hs2 69500000 69749999 0.301583
hs2 69750000 69999999 0.614793
hs2 70000000 70249999 0.276712
hs2 70250000 70499999 0.191446
hs2 70500000 70749999 0.517457
hs2 70750000 70999999 0.0899034
hs2 71000000 71249999 0.640728
hs2 71250000 71499999 0.661768
hs2 71500000 71749999 0.365152
hs2 71750000 71999999 0.870633
hs2 72000000 72249999 0.226574
hs2 72250000 72499999 0.859001
hs2 72500000 72749999 0.0936968
hs2 72750000 72999999 0.035322
hs2 73000000 73249999 0.112794
hs2 73250000 73499999 0.949259
hs2 73500000 73749999 0.163419
hs2 73750000 73999999 0.53527
hs2 74000000 74249999 0.552844
hs2 74250000 74499999 0.20569
hs2 74500000 74749999 0.41966
hs2 74750000 74999999 0.836928
hs2 75000000 75249999 0.20486
hs2 75250000 75499999 0.480023
hs2 75500000 75749999 0.178386
hs2 75750000 75999999 0.521344
hs2 76000000 76249999 0.808531
hs2 76250000 76499999 0.850107
hs2 76500000 76749999 0.652433
hs2 76750000 76999999 0.496077
hs2 77000000 77249999 0.300211
hs2 77250000 77499999 0.432217
hs2 77500000 77749999 0.299345
hs2 77750000 77999999 0.776098
hs2 78000000 78249999 0.814737
hs2 78250000 78499999 0.405621
hs2 78500000 78749999 0.699155
hs2 78750000 78999999 0.243576
hs2 79000000 79249999 0.276017
hs2 79250000 79499999 0.568324
hs2 79500000 79749999 0.579263
hs2 79750000 79999999 0.0400565
hs2 80000000 80249999 0.14786
hs2 80250000 80499999 0.376384
hs2 80500000 80749999 0.649425
hs2 80750000 80999999 0.825849
hs2 81000000 81249999 0.851454
hs2 81250000 81499999 0.125925
hs2 81500000 81749999 0.994575
hs2 81750000 81999999 0.658435
hs2 82000000 82249999 0.439512
hs2 82250000 82499999 0.673979
hs2 82500000 82749999 0.93252
hs2 82750000 82999999 0.652137
hs2 83000000 83249999 0.707218
hs2 83250000 83499999 0.741702
hs2 83500000 83749999 0.27353
hs2 83750000 83999999 0.197576
hs2 84000000 84249999 0.353042
hs2 84250000 84499999 0.377624
hs2 84500000 84749999 0.747649
hs2 84750000 84999999 0.886102
hs2 85000000 85249999 0.802021
hs2 85250000 85499999 0.103603
hs2 85500000 85749999 0.718396
hs2 85750000 85999999 0.995109
hs2 86000000 86249999 0.186555
hs2 86250000 86499999 0.704011
hs2 86500000 86749999 0.793915
hs2 86750000 86999999 0.434643
hs2 87000000 87249999 0.0964105
hs2 87250000 87499999 0.461562
hs2 87500000 87749999 0.332195
hs2 87750000 87999999 0.558769
hs2 88000000 88249999 0.417771
hs2 88250000 88499999 0.511468
hs2 88500000 88749999 0.54679
hs2 88750000 88999999 0.659583
hs2 89000000 89249999 0.608842
hs2 89250000 89499999 0.772261
hs2 89500000 89749999 0.307531
hs2 89750000 89999999 0.860375
hs2 90750000 90999999 0.066065
hs2 91000000 91249999 0.485725
hs2 91250000 91499999 0.322654
hs2 91500000 91749999 0.527513
hs2 94500000 94749999 0.00753681
hs2 94750000 94999999 0.185922
hs2 95000000 95249999 0.707266
hs2 95250000 95499999 0.515797
hs2 95500000 95749999 0.365905
hs2 95750000 95999999 0.0183374
hs2 96000000 96249999 0.514414
hs2 96250000 96499999 0.814625
hs2 96500000 96749999 0.246842
hs2 96750000 96999999 0.546186
hs2 97000000 97249999 0.322285
hs2 97250000 97499999 0.137021
hs2 97500000 97749999 0.542643
hs2 97750000 97999999 0.241798
hs2 98000000 98249999 0.485374
hs2 98250000 98499999 0.761391
hs2 98500000 98749999 0.329714
hs2 98750000 98999999 0.908977
hs2 99000000 99249999 0.949034
hs2 99250000 99499999 0.0968939
hs2 99500000 99749999 0.473278
hs2 99750000 99999999 0.122703
hs2 100000000 100249999 0.948552
hs2 100250000 100499999 0.800006
hs2 100500000 100749999 0.925931
hs2 100750000 100999999 0.920506
hs2 101000000 101249999 0.578941
hs2 101250000 101499999 0.0184528
hs2 101500000 101749999 0.692431
hs2 101750000 101999999 0.624952
hs2 102000000 102249999 0.277088
hs2 102250000 102499999 0.984306
hs2 102500000 102749999 0.726009
hs2 102750000 102999999 0.999539
hs2 103000000 103249999 0.197115
hs2 103250000 103499999 0.550158
hs2 103500000 103749999 0.927781
hs2 103750000 103999999 0.67543
hs2 104000000 104249999 0.561532
hs2 104250000 104499999 0.363553
hs2 104500000 104749999 0.467156
hs2 104750000 104999999 0.185553
hs2 105000000 105249999 0.180661
hs2 105250000 105499999 0.367216
hs2 105500000 105749999 0.0712273
hs2 105750000 105999999 0.865142
hs2 106000000 106249999 0.299785
hs2 106250000 106499999 0.396195
hs2 106500000 106749999 0.857758
hs2 106750000 106999999 0.189953
hs2 107000000 107249999 0.748722
hs2 107250000 107499999 0.166493
hs2 107500000 107749999 0.677961
hs2 107750000 107999999 0.22475
hs2 108000000 108249999 0.884334
hs2 108250000 108499999 0.493176
hs2 108500000 108749999 0.265437
hs2 108750000 108999999 0.572969
hs2 109000000 109249999 0.433344
hs2 109250000 109499999 0.499409
hs2 109500000 109749999 0.985134
hs2 109750000 109999999 0.307788
hs2 110000000 110249999 0.835301
hs2 110250000 110499999 0.842838
hs2 110500000 110749999 0.0287602
hs2 110750000 110999999 0.736027
hs2 111000000 111249999 0.251824
hs2 111250000 111499999 0.617729
hs2 111500000 111749999 0.636066
hs2 111750000 111999999 0.15048
hs2 112000000 112249999 0.965105
hs2 112250000 112499999 0.211947
hs2 112500000 112749999 0.758134
hs2 112750000 112999999 0.080418
hs2 113000000 113249999 0.217439
hs2 113250000 113499999 0.760082
hs2 113500000 113749999 0.00188016
hs2 113750000 113999999 0.487254
hs2 114000000 114249999 0.248644
hs2 114250000 114499999 0.578359
hs2 114500000 114749999 0.487336
hs2 114750000 114999999 0.43637
hs2 115000000 115249999 0.533264
hs2 115250000 115499999 0.00654204
hs2 115500000 115749999 0.129245
hs2 115750000 115999999 0.0777972
hs2 116000000 116249999 0.877803
hs2 116250000 116499999 0.803734
hs2 116500000 116749999 0.724239
hs2 116750000 116999999 0.30318
hs2 117000000 117249999 0.321633
hs2 117250000 117499999 0.0140639
hs2 117500000 117749999 0.639015
hs2 117750000 117999999 0.916104
hs2 118000000 118249999 0.90041
hs2 118250000 118499999 0.626419
hs2 118500000 118749999 0.625958
hs2 118750000 118999999 0.823073
hs2 119000000 119249999 0.373231
hs2 119250000 119499999 0.301012
hs2 119500000 119749999 0.976442
hs2 119750000 119999999 0.537974
hs2 120000000 120249999 0.901527
hs2 120250000 120499999 0.368683
hs2 120500000 120749999 0.554236
hs2 120750000 120999999 0.734897
hs2 121000000 121249999 0.102113
hs2 121250000 121499999 0.17334
hs2 121500000 121749999 0.0384823
hs2 121750000 121999999 0.338267
hs2 122000000 122249999 0.734463
hs2 122250000 122499999 0.59222
hs2 122500000 122749999 0.782173
hs2 122750000 122999999 0.530895
hs2 123000000 123249999 0.697388
hs2 123250000 123499999 0.375349
hs2 123500000 123749999 0.600099
hs2 123750000 123999999 0.484433
hs2 124000000 124249999 0.977609
hs2 124250000 124499999 0.243046
hs2 124500000 124749999 0.816015
hs2 124750000 124999999 0.249359
hs2 125000000 125249999 0.748768
hs2 125250000 125499999 0.733903
hs2 125500000 125749999 0.0416902
hs2 125750000 125999999 0.876991
hs2 126000000 126249999 0.719829
hs2 126250000 126499999 0.748589
hs2 126500000 126749999 0.484616
hs2 126750000 126999999 0.73644
hs2 127000000 127249999 0.354168
hs2 127250000 127499999 0.990234
hs2 127500000 127749999 0.140714
hs2 127750000 127999999 0.10582
hs2 128000000 128249999 0.317767
hs2 128250000 128499999 0.0759002
hs2 128500000 128749999 0.156318
hs2 128750000 128999999 0.373758
hs2 129000000 129249999 0.13384
hs2 129250000 129499999 0.13572
hs2 129500000 129749999 0.622974
hs2 129750000 129999999 0.871618
hs2 130000000 130249999 0.449977
hs2 130250000 130499999 0.937314
hs2 130500000 130749999 0.373684
hs2 130750000 130999999 0.906948
hs2 131000000 131249999 0.91349
hs2 131250000 131499999 0.0427351
hs2 131500000 131749999 0.120532
hs2 131750000 131999999 0.998335
hs2 132000000 132249999 0.802069
hs2 132250000 132499999 0.526308
hs2 132500000 132749999 0.829488
hs2 132750000 132999999 0.15112
hs2 133000000 133249999 0.165184
hs2 133250000 133499999 0.8042
hs2 133500000 133749999 0.720303
hs2 133750000 133999999 0.620713
hs2 134000000 134249999 0.247132
hs2 134250000 134499999 0.87309
hs2 134500000 134749999 0.696163
hs2 134750000 134999999 0.0693941
hs2 135000000 135249999 0.370406
hs2 135250000 135499999 0.346848
hs2 135500000 135749999 0.884823
hs2 135750000 135999999 0.78635
hs2 136000000 136249999 0.155033
hs2 136250000 136499999 0.709269
hs2 136500000 136749999 0.444166
hs2 136750000 136999999 0.546278
hs2 137000000 137249999 0.719619
hs2 137250000 137499999 0.758101
hs2 137500000 137749999 0.0963681
hs2 137750000 137999999 0.830831
hs2 138000000 138249999 0.423051
hs2 138250000 138499999 0.205224
hs2 138500000 138749999 0.736119
hs2 138750000 138999999 0.433507
hs2 139000000 139249999 0.808856
hs2 139250000 139499999 0.408955
hs2 139500000 139749999 0.893388
hs2 139750000 139999999 0.870997
hs2 140000000 140249999 0.114043
hs2 140250000 140499999 0.930059
hs2 140500000 140749999 0.179418
hs2 140750000 140999999 0.928186
hs2 141000000 141249999 0.662089
hs2 141250000 141499999 0.703779
hs2 141500000 141749999 0.58077
hs2 141750000 141999999 0.300599
hs2 142000000 142249999 0.049188
hs2 142250000 142499999 0.533804
hs2 142500000 142749999 0.270243
hs2 142750000 142999999 0.624412
hs2 143000000 143249999 0.614646
hs2 143250000 143499999 0.755361
hs2 143500000 143749999 0.86118
hs2 143750000 143999999 0.178947
hs2 144000000 144249999 0.254847
hs2 144250000 144499999 0.411165
hs2 144500000 144749999 0.784923
hs2 144750000 144999999 0.918763
hs2 145000000 145249999 0.0544826
hs2 145250000 145499999 0.677457
hs2 145500000 145749999 0.549075
hs2 145750000 145999999 0.999052
hs2 146000000 146249999 0.936366
hs2 146250000 146499999 0.31005
hs2 146500000 146749999 0.216998
hs2 146750000 146999999 0.130488
hs2 147000000 147249999 0.173223
hs2 147250000 147499999 0.293755
hs2 147500000 147749999 0.292091
hs2 147750000 147999999 0.0941593
hs2 148000000 148249999 0.620467
hs2 148250000 148499999 0.449955
hs2 148500000 148749999 0.601075
hs2 148750000 148999999 0.76626
hs2 149000000 149249999 0.570459
hs2 149250000 149499999 0.290762
hs2 149500000 149749999 0.911476
hs2 149750000 149999999 0.158607
hs2 150000000 150249999 0.0316973
hs2 150250000 150499999 0.72786
hs2 150500000 150749999 0.797255
hs2 150750000 150999999 0.167661
hs2 151000000 151249999 0.514509
hs2 151250000 151499999 0.399332
hs2 151500000 151749999 0.185682
hs2 151750000 151999999 0.340714
hs2 152000000 152249999 0.049983
hs2 152250000 152499999 0.494148
hs2 152500000 152749999 0.0404269
hs2 152750000 152999999 0.760046
hs2 153000000 153249999 0.518146
hs2 153250000 153499999 0.614515
hs2 153500000 153749999 0.445345
hs2 153750000 153999999 0.868396
hs2 154000000 154249999 0.07362
hs2 154250000 154499999 0.809739
hs2 154500000 154749999 0.243246
hs2 154750000 154999999 0.0521023
hs2 155000000 155249999 0.461058
hs2 155250000 155499999 0.354446
hs2 155500000 155749999 0.225443
hs2 155750000 155999999 0.339486
hs2 156000000 156249999 0.269544
hs2 156250000 156499999 0.448962
hs2 156500000 156749999 0.377149
hs2 156750000 156999999 0.0392373
hs2 157000000 157249999 0.743016
hs2 157250000 157499999 0.323786
hs2 157500000 157749999 0.624385
hs2 157750000 157999999 0.673573
hs2 158000000 158249999 0.207377
hs2 158250000 158499999 0.47762
hs2 158500000 158749999 0.102032
hs2 158750000 158999999 0.716678
hs2 159000000 159249999 0.472039
hs2 159250000 159499999 0.333219
hs2 159500000 159749999 0.512166
hs2 159750000 159999999 0.767013
hs2 160000000 160249999 0.178178
hs2 160250000 160499999 0.963101
hs2 160500000 160749999 0.881864
hs2 160750000 160999999 0.936346
hs2 161000000 161249999 0.613803
hs2 161250000 161499999 0.162878
hs2 161500000 161749999 0.16193
hs2 161750000 161999999 0.0982959
hs2 162000000 162249999 0.408346
hs2 162250000 162499999 0.625344
hs2 162500000 162749999 0.755832
hs2 162750000 162999999 0.929055
hs2 163000000 163249999 0.22281
hs2 163250000 163499999 0.514901
hs2 163500000 163749999 0.60906
hs2 163750000 163999999 0.229527
hs2 164000000 164249999 0.679482
hs2 164250000 164499999 0.280558
hs2 164500000 164749999 0.0468174
hs2 164750000 164999999 0.617277
hs2 165000000 165249999 0.908039
hs2 165250000 165499999 0.819515
hs2 165500000 165749999 0.978122
hs2 165750000 165999999 0.0098194
hs2 166000000 166249999 0.73768
hs2 166250000 166499999 0.534935
hs2 166500000 166749999 0.702595
hs2 166750000 166999999 0.217105
hs2 167000000 167249999 0.616437
hs2 167250000 167499999 0.802118
hs2 167500000 167749999 0.142832
hs2 167750000 167999999 0.192815
hs2 168000000 168249999 0.686964
hs2 168250000 168499999 0.727391
hs2 168500000 168749999 0.487436
hs2 168750000 168999999 0.00558285
hs2 169000000 169249999 0.620097
hs2 169250000 169499999 0.0654428
hs2 169500000 169749999 0.933839
hs2 169750000 169999999 0.00745887
hs2 170000000 170249999 0.817198
hs2 170250000 170499999 0.060444
hs2 170500000 170749999 0.112546
hs2 170750000 170999999 0.573604
hs2 171000000 171249999 0.92805
hs2 171250000 171499999 0.153492
hs2 171500000 171749999 0.492978
hs2 171750000 171999999 0.762523
hs2 172000000 172249999 0.211485
hs2 172250000 172499999 0.588633
hs2 172500000 172749999 0.627871
hs2 172750000 172999999 0.370887
hs2 173000000 173249999 0.694673
hs2 173250000 173499999 0.319058
hs2 173500000 173749999 0.992631
hs2 173750000 173999999 0.200008
hs2 174000000 174249999 0.677629
hs2 174250000 174499999 0.779661
hs2 174500000 174749999 0.496339
hs2 174750000 174999999 0.968379
hs2 175000000 175249999 0.301598
hs2 175250000 175499999 0.813764
hs2 175500000 175749999 0.580777
hs2 175750000 175999999 0.758955
hs2 176000000 176249999 0.722056
hs2 176250000 176499999 0.603919
hs2 176500000 176749999 0.540266
hs2 176750000 176999999 0.154068
hs2 177000000 177249999 0.316946
hs2 177250000 177499999 0.478876
hs2 177500000 177749999 0.577172
hs2 177750000 177999999 0.985518
hs2 178000000 178249999 0.610861
hs2 178250000 178499999 0.366693
hs2 178500000 178749999 0.295748
hs2 178750000 178999999 0.518558
hs2 179000000 179249999 0.0334582
hs2 179250000 179499999 0.642518
hs2 179500000 179749999 0.872045
hs2 179750000 179999999 0.551528
hs2 180000000 180249999 0.832086
hs2 180250000 180499999 0.878903
hs2 180500000 180749999 0.496179
hs2 180750000 180999999 0.404218
hs2 181000000 181249999 0.223733
hs2 181250000 181499999 0.201855
hs2 181500000 181749999 0.211675
hs2 181750000 181999999 0.949354
hs2 182000000 182249999 0.484289
hs2 182250000 182499999 0.186884
hs2 182500000 182749999 0.403989
hs2 182750000 182999999 0.0204256
hs2 183000000 183249999 0.822544
hs2 183250000 183499999 0.965376
hs2 183500000 183749999 0.158192
hs2 183750000 183999999 0.845156
hs2 184000000 184249999 0.572546
hs2 184250000 184499999 0.0599828
hs2 184500000 184749999 0.0655656
hs2 184750000 184999999 0.685663
hs2 185000000 185249999 0.751106
hs2 185250000 185499999 0.684945
hs2 185500000 185749999 0.692404
hs2 185750000 185999999 0.509601
hs2 186000000 186249999 0.570045
hs2 186250000 186499999 0.682592
hs2 186500000 186749999 0.256196
hs2 186750000 186999999 0.184245
hs2 187000000 187249999 0.337737
hs2 187250000 187499999 0.830716
hs2 187500000 187749999 0.593238
hs2 187750000 187999999 0.804723
hs2 188000000 188249999 0.393356
hs2 188250000 188499999 0.0212271
hs2 188500000 188749999 0.392114
hs2 188750000 188999999 0.0867869
hs2 189000000 189249999 0.405845
hs2 189250000 189499999 0.398476
hs2 189500000 189749999 0.598485
hs2 189750000 189999999 0.276114
hs2 190000000 190249999 0.0557746
hs2 190250000 190499999 0.552114
hs2 190500000 190749999 0.520493
hs2 190750000 190999999 0.82209
hs2 191000000 191249999 0.635854
hs2 191250000 191499999 0.216631
hs2 191500000 191749999 0.975586
hs2 191750000 191999999 0.697641
hs2 192000000 192249999 0.301561
hs2 192250000 192499999 0.841826
hs2 192500000 192749999 0.995895
hs2 192750000 192999999 0.312841
hs2 193000000 193249999 0.791717
hs2 193250000 193499999 0.368889
hs2 193500000 193749999 0.354407
hs2 193750000 193999999 0.965268
hs2 194000000 194249999 0.331961
hs2 194250000 194499999 0.627708
hs2 194500000 194749999 0.146266
hs2 194750000 194999999 0.179724
hs2 195000000 195249999 0.822242
hs2 195250000 195499999 0.694288
hs2 195500000 195749999 0.245815
hs2 195750000 195999999 0.077901
hs2 196000000 196249999 0.956804
hs2 196250000 196499999 0.452983
hs2 196500000 196749999 0.857202
hs2 196750000 196999999 0.0809349
hs2 197000000 197249999 0.28279
hs2 197250000 197499999 0.494465
hs2 197500000 197749999 0.443819
hs2 197750000 197999999 0.928108
hs2 198000000 198249999 0.114992
hs2 198250000 198499999 0.518981
hs2 198500000 198749999 0.539407
hs2 198750000 198999999 0.36195
hs2 199000000 199249999 0.327327
hs2 199250000 199499999 0.485518
hs2 199500000 199749999 0.330674
hs2 199750000 199999999 0.90322
hs2 200000000 200249999 0.963203
hs2 200250000 200499999 0.0287686
hs2 200500000 200749999 0.714432
hs2 200750000 200999999 0.465537
hs2 201000000 201249999 0.150482
hs2 201250000 201499999 0.842886
hs2 201500000 201749999 0.352487
hs2 201750000 201999999 0.922533
hs2 202000000 202249999 0.605125
hs2 202250000 202499999 0.86132
hs2 202500000 202749999 0.0455656
hs2 202750000 202999999 0.383303
hs2 203000000 203249999 0.214019
hs2 203250000 203499999 0.807257
hs2 203500000 203749999 0.61198
hs2 203750000 203999999 0.00533623
hs2 204000000 204249999 0.0265633
hs2 204250000 204499999 0.418677
hs2 204500000 204749999 0.505464
hs2 204750000 204999999 0.911309
hs2 205000000 205249999 0.309786
hs2 205250000 205499999 0.90827
hs2 205500000 205749999 0.184384
hs2 205750000 205999999 0.240159
hs2 206000000 206249999 0.792273
hs2 206250000 206499999 0.312765
hs2 206500000 206749999 0.134856
hs2 206750000 206999999 0.77071
hs2 207000000 207249999 0.987341
hs2 207250000 207499999 0.962927
hs2 207500000 207749999 0.660568
hs2 207750000 207999999 0.962129
hs2 208000000 208249999 0.803955
hs2 208250000 208499999 0.79985
hs2 208500000 208749999 0.112691
hs2 208750000 208999999 0.904408
hs2 209000000 209249999 0.273297
hs2 209250000 209499999 0.627704
hs2 209500000 209749999 0.592972
hs2 209750000 209999999 0.924933
hs2 210000000 210249999 0.552641
hs2 210250000 210499999 0.698907
hs2 210500000 210749999 0.878632
hs2 210750000 210999999 0.700874
hs2 211000000 211249999 0.395162
hs2 211250000 211499999 0.640977
hs2 211500000 211749999 0.718878
hs2 211750000 211999999 0.675682
hs2 212000000 212249999 0.128665
hs2 212250000 212499999 0.985867
hs2 212500000 212749999 0.066802
hs2 212750000 212999999 0.349592
hs2 213000000 213249999 0.844057
hs2 213250000 213499999 0.287876
hs2 213500000 213749999 0.215983
hs2 213750000 213999999 0.330976
hs2 214000000 214249999 0.849957
hs2 214250000 214499999 0.389364
hs2 214500000 214749999 0.751314
hs2 214750000 214999999 0.0786409
hs2 215000000 215249999 0.564159
hs2 215250000 215499999 0.894833
hs2 215500000 215749999 0.798053
hs2 215750000 215999999 0.761256
hs2 216000000 216249999 0.790024
hs2 216250000 216499999 0.504456
hs2 216500000 216749999 0.969993
hs2 216750000 216999999 0.120476
hs2 217000000 217249999 0.963362
hs2 217250000 217499999 0.315849
hs2 217500000 217749999 0.238382
hs2 217750000 217999999 0.843506
hs2 218000000 218249999 0.704827
hs2 218250000 218499999 0.750392
hs2 218500000 218749999 0.133695
hs2 218750000 218999999 0.347714
hs2 219000000 219249999 0.154971
hs2 219250000 219499999 0.76695
hs2 219500000 219749999 0.772287
hs2 219750000 219999999 0.79885
hs2 220000000 220249999 0.217527
hs2 220250000 220499999 0.722991
hs2 220500000 220749999 0.6343
hs2 220750000 220999999 0.944086
hs2 221000000 221249999 0.852356
hs2 221250000 221499999 0.0367403
hs2 221500000 221749999 0.276899
hs2 221750000 221999999 0.0691718
hs2 222000000 222249999 0.381937
hs2 222250000 222499999 0.516793
hs2 222500000 222749999 0.287503
hs2 222750000 222999999 0.274844
hs2 223000000 223249999 0.237771
hs2 223250000 223499999 0.898339
hs2 223500000 223749999 0.860468
hs2 223750000 223999999 0.664423
hs2 224000000 224249999 0.464273
hs2 224250000 224499999 0.576964
hs2 224500000 224749999 0.481372
hs2 224750000 224999999 0.754669
hs2 225000000 225249999 0.382373
hs2 225250000 225499999 0.975346
hs2 225500000 225749999 0.900279
hs2 225750000 225999999 0.45292
hs2 226000000 226249999 0.151828
hs2 226250000 226499999 0.0304592
hs2 226500000 226749999 0.731333
hs2 226750000 226999999 0.126495
hs2 227000000 227249999 0.767472
hs2 227250000 227499999 0.48635
hs2 227500000 227749999 0.162032
hs2 227750000 227999999 0.290697
hs2 228000000 228249999 0.276564
hs2 228250000 228499999 0.343366
hs2 228500000 228749999 0.692958
hs2 228750000 228999999 0.537015
hs2 229000000 229249999 0.824891
hs2 229250000 229499999 0.0408739
hs2 229500000 229749999 0.37185
hs2 229750000 229999999 0.221807
hs2 230000000 230249999 0.61117
hs2 230250000 230499999 0.362485
hs2 230500000 230749999 0.441126
hs2 230750000 230999999 0.00528459
hs2 231000000 231249999 0.900117
hs2 231250000 231499999 0.69817
hs2 231500000 231749999 0.459426
hs2 231750000 231999999 0.24945
hs2 232000000 232249999 0.753906
hs2 232250000 232499999 0.7239
hs2 232500000 232749999 0.844376
hs2 232750000 232999999 0.807737
hs2 233000000 233249999 0.123586
hs2 233250000 233499999 0.361968
hs2 233500000 233749999 0.205474
hs2 233750000 233999999 0.9103
hs2 234000000 234249999 0.660693
hs2 234250000 234499999 0.794388
hs2 234500000 234749999 0.142101
hs2 234750000 234999999 0.297072
hs2 235000000 235249999 0.0640223
hs2 235250000 235499999 0.836309
hs2 235500000 235749999 0.635159
hs2 235750000 235999999 0.852686
hs2 236000000 236249999 0.575677
hs2 236250000 236499999 0.209977
hs2 236500000 236749999 0.154063
hs2 236750000 236999999 0.00641908
hs2 237000000 237249999 0.0431594
hs2 237250000 237499999 0.320058
hs2 237500000 237749999 0.38923
hs2 237750000 237999999 0.771167
hs2 238000000 238249999 0.287961
hs2 238250000 238499999 0.575464
hs2 238500000 238749999 0.850308
hs2 238750000 238999999 0.0880783
hs2 239000000 239249999 0.986417
hs2 239250000 239499999 0.846884
hs2 239500000 239749999 0.511307
hs2 239750000 239999999 0.97558
hs2 240000000 240249999 0.552544
hs2 240250000 240499999 0.0339166
hs2 240500000 240749999 0.788586
hs2 240750000 240999999 0.170959
hs2 241000000 241249999 0.146305
hs2 241250000 241499999 0.0465835
hs2 241500000 241749999 0.499504
hs2 241750000 241999999 0.651331
hs2 242000000 242249999 0.68179
hs2 242250000 242499999 0.413123
hs2 242500000 242749999 0.539618
hs2 242750000 242999999 0.30709
hs2_random 0 249999 0.79344
hs20 0 249999 0.955472
hs20 250000 499999 0.24617
hs20 500000 749999 0.522734
hs20 750000 999999 0.866101
hs20 1000000 1249999 0.559059
hs20 1250000 1499999 0.0960743
hs20 1500000 1749999 0.920965
hs20 1750000 1999999 0.961839
hs20 2000000 2249999 0.333688
hs20 2250000 2499999 0.555495
hs20 2500000 2749999 0.166665
hs20 2750000 2999999 0.52915
hs20 3000000 3249999 0.970276
hs20 3250000 3499999 0.97556
hs20 3500000 3749999 0.875677
hs20 3750000 3999999 0.573848
hs20 4000000 4249999 0.0332738
hs20 4250000 4499999 0.282724
hs20 4500000 4749999 0.0366305
hs20 4750000 4999999 0.76053
hs20 5000000 5249999 0.604906
hs20 5250000 5499999 0.412643
hs20 5500000 5749999 0.536229
hs20 5750000 5999999 0.898197
hs20 6000000 6249999 0.103671
hs20 6250000 6499999 0.0139715
hs20 6500000 6749999 0.674664
hs20 6750000 6999999 0.469052
hs20 7000000 7249999 0.611153
hs20 7250000 7499999 0.908225
hs20 7500000 7749999 0.972247
hs20 7750000 7999999 0.808556
hs20 8000000 8249999 0.443715
hs20 8250000 8499999 0.296401
hs20 8500000 8749999 0.872078
hs20 8750000 8999999 0.0820547
hs20 9000000 9249999 0.236118
hs20 9250000 9499999 0.242537
hs20 9500000 9749999 0.285696
hs20 9750000 9999999 0.605754
hs20 10000000 10249999 0.994984
hs20 10250000 10499999 0.766152
hs20 10500000 10749999 0.0541124
hs20 10750000 10999999 0.629576
hs20 11000000 11249999 0.479884
hs20 11250000 11499999 0.567962
hs20 11500000 11749999 0.554379
hs20 11750000 11999999 0.401263
hs20 12000000 12249999 0.912571
hs20 12250000 12499999 0.888151
hs20 12500000 12749999 0.440695
hs20 12750000 12999999 0.474612
hs20 13000000 13249999 0.263198
hs20 13250000 13499999 0.434157
hs20 13500000 13749999 0.580462
hs20 13750000 13999999 0.627046
hs20 14000000 14249999 0.126549
hs20 14250000 14499999 0.77788
hs20 14500000 14749999 0.459671
hs20 14750000 14999999 0.872794
hs20 15000000 15249999 0.412412
hs20 15250000 15499999 0.719503
hs20 15500000 15749999 0.512943
hs20 15750000 15999999 0.468416
hs20 16000000 16249999 0.714585
hs20 16250000 16499999 0.23732
hs20 16500000 16749999 0.103421
hs20 16750000 16999999 0.66248
hs20 17000000 17249999 0.758554
hs20 17250000 17499999 0.679519
hs20 17500000 17749999 0.641358
hs20 17750000 17999999 0.975046
hs20 18000000 18249999 0.530541
hs20 18250000 18499999 0.697206
hs20 18500000 18749999 0.226356
hs20 18750000 18999999 0.196632
hs20 19000000 19249999 0.172192
hs20 19250000 19499999 0.0478696
hs20 19500000 19749999 0.621717
hs20 19750000 19999999 0.654991
hs20 20000000 20249999 0.937715
hs20 20250000 20499999 0.974346
hs20 20500000 20749999 0.734876
hs20 20750000 20999999 0.339782
hs20 21000000 21249999 0.752426
hs20 21250000 21499999 0.288655
hs20 21500000 21749999 0.186852
hs20 21750000 21999999 0.290523
hs20 22000000 22249999 0.304494
hs20 22250000 22499999 0.979159
hs20 22500000 22749999 0.44821
hs20 22750000 22999999 0.0593635
hs20 23000000 23249999 0.967589
hs20 23250000 23499999 0.939836
hs20 23500000 23749999 0.748393
hs20 23750000 23999999 0.192108
hs20 24000000 24249999 0.488509
hs20 24250000 24499999 0.360586
hs20 24500000 24749999 0.442641
hs20 24750000 24999999 0.678759
hs20 25000000 25249999 0.921295
hs20 25250000 25499999 0.206991
hs20 25500000 25749999 0.812746
hs20 25750000 25999999 0.80773
hs20 26000000 26249999 0.573882
hs20 26250000 26499999 0.627994
hs20 28000000 28249999 0.25757
hs20 28250000 28499999 0.737454
hs20 29250000 29499999 0.305416
hs20 29500000 29749999 0.859795
hs20 29750000 29999999 0.261059
hs20 30000000 30249999 0.173629
hs20 30250000 30499999 0.0617804
hs20 30500000 30749999 0.502476
hs20 30750000 30999999 0.977088
hs20 31000000 31249999 0.240285
hs20 31250000 31499999 0.674443
hs20 31500000 31749999 0.254905
hs20 31750000 31999999 0.881951
hs20 32000000 32249999 0.00850015
hs20 32250000 32499999 0.786381
hs20 32500000 32749999 0.246051
hs20 32750000 32999999 0.118845
hs20 33000000 33249999 0.531258
hs20 33250000 33499999 0.25076
hs20 33500000 33749999 0.763703
hs20 33750000 33999999 0.232119
hs20 34000000 34249999 0.946704
hs20 34250000 34499999 0.184024
hs20 34500000 34749999 0.287444
hs20 34750000 34999999 0.949924
hs20 35000000 35249999 0.708479
hs20 35250000 35499999 0.387998
hs20 35500000 35749999 0.0293553
hs20 35750000 35999999 0.00440142
hs20 36000000 36249999 0.534943
hs20 36250000 36499999 0.232149
hs20 36500000 36749999 0.458505
hs20 36750000 36999999 0.655137
hs20 37000000 37249999 0.827329
hs20 37250000 37499999 0.875199
hs20 37500000 37749999 0.496916
hs20 37750000 37999999 0.151907
hs20 38000000 38249999 0.0896225
hs20 38250000 38499999 0.0639682
hs20 38500000 38749999 0.798844
hs20 38750000 38999999 0.138627
hs20 39000000 39249999 0.891052
hs20 39250000 39499999 0.179707
hs20 39500000 39749999 0.366559
hs20 39750000 39999999 0.657082
hs20 40000000 40249999 0.961576
hs20 40250000 40499999 0.940735
hs20 40500000 40749999 0.388945
hs20 40750000 40999999 0.448309
hs20 41000000 41249999 0.415897
hs20 41250000 41499999 0.355734
hs20 41500000 41749999 0.104126
hs20 41750000 41999999 0.296234
hs20 42000000 42249999 0.784742
hs20 42250000 42499999 0.145329
hs20 42500000 42749999 0.58797
hs20 42750000 42999999 0.266728
hs20 43000000 43249999 0.188023
hs20 43250000 43499999 0.395014
hs20 43500000 43749999 0.20776
hs20 43750000 43999999 0.0154902
hs20 44000000 44249999 0.589372
hs20 44250000 44499999 0.217366
hs20 44500000 44749999 0.474937
hs20 44750000 44999999 0.212391
hs20 45000000 45249999 0.517807
hs20 45250000 45499999 0.377603
hs20 45500000 45749999 0.638661
hs20 45750000 45999999 0.812291
hs20 46000000 46249999 0.874071
hs20 46250000 46499999 0.376547
hs20 46500000 46749999 0.353634
hs20 46750000 46999999 0.59392
hs20 47000000 47249999 0.268363
hs20 47250000 47499999 0.523268
hs20 47500000 47749999 0.405219
hs20 47750000 47999999 0.413719
hs20 48000000 48249999 0.200099
hs20 48250000 48499999 0.44615
hs20 48500000 48749999 0.564996
hs20 48750000 48999999 0.0962532
hs20 49000000 49249999 0.347013
hs20 49250000 49499999 0.110717
hs20 49500000 49749999 0.342836
hs20 49750000 49999999 0.28954
hs20 50000000 50249999 0.473564
hs20 50250000 50499999 0.761008
hs20 50500000 50749999 0.710933
hs20 50750000 50999999 0.419411
hs20 51000000 51249999 0.807409
hs20 51250000 51499999 0.836764
hs20 51500000 51749999 0.841165
hs20 51750000 51999999 0.376108
hs20 52000000 52249999 0.608257
hs20 52250000 52499999 0.066762
hs20 52500000 52749999 0.721899
hs20 52750000 52999999 0.549229
hs20 53000000 53249999 0.424428
hs20 53250000 53499999 0.921344
hs20 53500000 53749999 0.0732513
hs20 53750000 53999999 0.162874
hs20 54000000 54249999 0.226842
hs20 54250000 54499999 0.0256863
hs20 54500000 54749999 0.164313
hs20 54750000 54999999 0.0553651
hs20 55000000 55249999 0.235072
hs20 55250000 55499999 0.601631
hs20 55500000 55749999 0.258713
hs20 55750000 55999999 0.220289
hs20 56000000 56249999 0.161024
hs20 56250000 56499999 0.549969
hs20 56500000 56749999 0.998278
hs20 56750000 56999999 0.414176
hs20 57000000 57249999 0.769909
hs20 57250000 57499999 0.874035
hs20 57500000 57749999 0.170269
hs20 57750000 57999999 0.955011
hs20 58000000 58249999 0.10034
hs20 58250000 58499999 0.688309
hs20 58500000 58749999 0.955038
hs20 58750000 58999999 0.143061
hs20 59000000 59249999 0.538075
hs20 59250000 59499999 0.745835
hs20 59500000 59749999 0.761326
hs20 59750000 59999999 0.350698
hs20 60000000 60249999 0.568064
hs20 60250000 60499999 0.043001
hs20 60500000 60749999 0.255392
hs20 60750000 60999999 0.773199
hs20 61000000 61249999 0.150802
hs20 61250000 61499999 0.789463
hs20 61500000 61749999 0.601754
hs20 61750000 61999999 0.475825
hs20 62000000 62249999 0.852372
hs20 62250000 62499999 0.206006
hs21 9500000 9749999 0.799926
hs21 9750000 9999999 0.0682891
hs21 10000000 10249999 0.591557
hs21 13250000 13499999 0.996775
hs21 13500000 13749999 0.410494
hs21 13750000 13999999 0.610593
hs21 14000000 14249999 0.0567439
hs21 14250000 14499999 0.62174
hs21 14500000 14749999 0.717993
hs21 14750000 14999999 0.0650063
hs21 15000000 15249999 0.175723
hs21 15250000 15499999 0.518559
hs21 15500000 15749999 0.808098
hs21 15750000 15999999 0.281662
hs21 16000000 16249999 0.0426704
hs21 16250000 16499999 0.753603
hs21 16500000 16749999 0.173014
hs21 16750000 16999999 0.980423
hs21 17000000 17249999 0.817186
hs21 17250000 17499999 0.658352
hs21 17500000 17749999 0.0344595
hs21 17750000 17999999 0.642716
hs21 18000000 18249999 0.709478
hs21 18250000 18499999 0.431378
hs21 18500000 18749999 0.980606
hs21 18750000 18999999 0.405034
hs21 19000000 19249999 0.326378
hs21 19250000 19499999 0.399629
hs21 19500000 19749999 0.562503
hs21 19750000 19999999 0.789345
hs21 20000000 20249999 0.815031
hs21 20250000 20499999 0.979344
hs21 20500000 20749999 0.0347094
hs21 20750000 20999999 0.269782
hs21 21000000 21249999 0.871413
hs21 21250000 21499999 0.130126
hs21 21500000 21749999 0.350415
hs21 21750000 21999999 0.511439
hs21 22000000 22249999 0.0614084
hs21 22250000 22499999 0.0596865
hs21 22500000 22749999 0.473862
hs21 22750000 22999999 0.243771
hs21 23000000 23249999 0.117807
hs21 23250000 23499999 0.288076
hs21 23500000 23749999 0.243087
hs21 23750000 23999999 0.343427
hs21 24000000 24249999 0.0317366
hs21 24250000 24499999 0.986774
hs21 24500000 24749999 0.129835
hs21 24750000 24999999 0.66791
hs21 25000000 25249999 0.413746
hs21 25250000 25499999 0.175071
hs21 25500000 25749999 0.525769
hs21 25750000 25999999 0.0938329
hs21 26000000 26249999 0.136834
hs21 26250000 26499999 0.392226
hs21 26500000 26749999 0.165425
hs21 26750000 26999999 0.316227
hs21 27000000 27249999 0.105691
hs21 27250000 27499999 0.707445
hs21 27500000 27749999 0.18327
hs21 27750000 27999999 0.0356416
hs21 28000000 28249999 0.241648
hs21 28250000 28499999 0.0415744
hs21 28500000 28749999 0.109863
hs21 28750000 28999999 0.70142
hs21 29000000 29249999 0.698196
hs21 29250000 29499999 0.10869
hs21 29500000 29749999 0.719283
hs21 29750000 29999999 0.776027
hs21 30000000 30249999 0.397767
hs21 30250000 30499999 0.11576
hs21 30500000 30749999 0.180766
hs21 30750000 30999999 0.356489
hs21 31000000 31249999 0.875048
hs21 31250000 31499999 0.683146
hs21 31500000 31749999 0.964808
hs21 31750000 31999999 0.00747874
hs21 32000000 32249999 0.761082
hs21 32250000 32499999 0.934096
hs21 32500000 32749999 0.914518
hs21 32750000 32999999 0.731705
hs21 33000000 33249999 0.390056
hs21 33250000 33499999 0.424516
hs21 33500000 33749999 0.0672322
hs21 33750000 33999999 0.77671
hs21 34000000 34249999 0.208088
hs21 34250000 34499999 0.188694
hs21 34500000 34749999 0.593729
hs21 34750000 34999999 0.920107
hs21 35000000 35249999 0.319736
hs21 35250000 35499999 0.882239
hs21 35500000 35749999 0.671584
hs21 35750000 35999999 0.486615
hs21 36000000 36249999 0.465959
hs21 36250000 36499999 0.500669
hs21 36500000 36749999 0.77045
hs21 36750000 36999999 0.641863
hs21 37000000 37249999 0.771988
hs21 37250000 37499999 0.122403
hs21 37500000 37749999 0.633842
hs21 37750000 37999999 0.695251
hs21 38000000 38249999 0.754937
hs21 38250000 38499999 0.228799
hs21 38500000 38749999 0.472571
hs21 38750000 38999999 0.590377
hs21 39000000 39249999 0.878453
hs21 39250000 39499999 0.12154
hs21 39500000 39749999 0.464967
hs21 39750000 39999999 0.496704
hs21 40000000 40249999 0.483478
hs21 40250000 40499999 0.613313
hs21 40500000 40749999 0.281223
hs21 40750000 40999999 0.694968
hs21 41000000 41249999 0.870039
hs21 41250000 41499999 0.395808
hs21 41500000 41749999 0.489641
hs21 41750000 41999999 0.626475
hs21 42000000 42249999 0.0187011
hs21 42250000 42499999 0.184127
hs21 42500000 42749999 0.500354
hs21 42750000 42999999 0.606045
hs21 43000000 43249999 0.313489
hs21 43250000 43499999 0.496759
hs21 43500000 43749999 0.5324
hs21 43750000 43999999 0.774048
hs21 44000000 44249999 0.815623
hs21 44250000 44499999 0.925486
hs21 44500000 44749999 0.626907
hs21 44750000 44999999 0.325102
hs21 45000000 45249999 0.433792
hs21 45250000 45499999 0.153076
hs21 45500000 45749999 0.929103
hs21 45750000 45999999 0.32687
hs21 46000000 46249999 0.44263
hs21 46250000 46499999 0.623396
hs21 46500000 46749999 0.979886
hs21 46750000 46999999 0.854933
hs21_random 0 249999 0.53808
hs21_random 250000 499999 0.502888
hs21_random 500000 749999 0.510367
hs21_random 750000 999999 0.271448
hs21_random 1000000 1249999 0.205544
hs21_random 1250000 1499999 0.120062
hs21_random 1500000 1749999 0.851767
hs22_random 0 249999 0.241824
hs22_random 250000 499999 0.66634
hs22 14250000 14499999 0.733572
hs22 14500000 14749999 0.510282
hs22 14750000 14999999 0.71837
hs22 15000000 15249999 0.907065
hs22 15250000 15499999 0.500793
hs22 15500000 15749999 0.4209
hs22 15750000 15999999 0.740636
hs22 16000000 16249999 0.622874
hs22 16250000 16499999 0.294458
hs22 16500000 16749999 0.781073
hs22 16750000 16999999 0.247033
hs22 17000000 17249999 0.747701
hs22 17250000 17499999 0.518152
hs22 17500000 17749999 0.160015
hs22 17750000 17999999 0.932003
hs22 18000000 18249999 0.0544061
hs22 18250000 18499999 0.688248
hs22 18500000 18749999 0.383499
hs22 18750000 18999999 0.138436
hs22 19000000 19249999 0.367235
hs22 19250000 19499999 0.839806
hs22 19500000 19749999 0.430183
hs22 19750000 19999999 0.308636
hs22 20000000 20249999 0.430176
hs22 20250000 20499999 0.895143
hs22 20500000 20749999 0.391847
hs22 20750000 20999999 0.875325
hs22 21000000 21249999 0.488638
hs22 21250000 21499999 0.769861
hs22 21500000 21749999 0.464829
hs22 21750000 21999999 0.334868
hs22 22000000 22249999 0.730677
hs22 22250000 22499999 0.220318
hs22 22500000 22749999 0.846793
hs22 22750000 22999999 0.865494
hs22 23000000 23249999 0.0496206
hs22 23250000 23499999 0.549975
hs22 23500000 23749999 0.156019
hs22 23750000 23999999 0.469508
hs22 24000000 24249999 0.966267
hs22 24250000 24499999 0.498668
hs22 24500000 24749999 0.272716
hs22 24750000 24999999 0.0883389
hs22 25000000 25249999 0.0138253
hs22 25250000 25499999 0.640732
hs22 25500000 25749999 0.965834
hs22 25750000 25999999 0.399627
hs22 26000000 26249999 0.552703
hs22 26250000 26499999 0.481806
hs22 26500000 26749999 0.808677
hs22 26750000 26999999 0.251307
hs22 27000000 27249999 0.874703
hs22 27250000 27499999 0.854589
hs22 27500000 27749999 0.709522
hs22 27750000 27999999 0.247602
hs22 28000000 28249999 0.75049
hs22 28250000 28499999 0.260857
hs22 28500000 28749999 0.532305
hs22 28750000 28999999 0.737849
hs22 29000000 29249999 0.857911
hs22 29250000 29499999 0.709678
hs22 29500000 29749999 0.951502
hs22 29750000 29999999 0.617841
hs22 30000000 30249999 0.351413
hs22 30250000 30499999 0.861695
hs22 30500000 30749999 0.580066
hs22 30750000 30999999 0.48713
hs22 31000000 31249999 0.987924
hs22 31250000 31499999 0.408823
hs22 31500000 31749999 0.149459
hs22 31750000 31999999 0.772333
hs22 32000000 32249999 0.0667917
hs22 32250000 32499999 0.847865
hs22 32500000 32749999 0.0948978
hs22 32750000 32999999 0.842599
hs22 33000000 33249999 0.360751
hs22 33250000 33499999 0.520766
hs22 33500000 33749999 0.452768
hs22 33750000 33999999 0.507175
hs22 34000000 34249999 0.195423
hs22 34250000 34499999 0.578922
hs22 34500000 34749999 0.717358
hs22 34750000 34999999 0.084593
hs22 35000000 35249999 0.924399
hs22 35250000 35499999 0.354582
hs22 35500000 35749999 0.663217
hs22 35750000 35999999 0.0933935
hs22 36000000 36249999 0.988537
hs22 36250000 36499999 0.380384
hs22 36500000 36749999 0.255709
hs22 36750000 36999999 0.744347
hs22 37000000 37249999 0.514207
hs22 37250000 37499999 0.979036
hs22 37500000 37749999 0.313905
hs22 37750000 37999999 0.0445814
hs22 38000000 38249999 0.264899
hs22 38250000 38499999 0.111692
hs22 38500000 38749999 0.977186
hs22 38750000 38999999 0.0268067
hs22 39000000 39249999 0.576781
hs22 39250000 39499999 0.7328
hs22 39500000 39749999 0.202309
hs22 39750000 39999999 0.168576
hs22 40000000 40249999 0.667243
hs22 40250000 40499999 0.939959
hs22 40500000 40749999 0.0282982
hs22 40750000 40999999 0.0421234
hs22 41000000 41249999 0.682855
hs22 41250000 41499999 0.64869
hs22 41500000 41749999 0.0483168
hs22 41750000 41999999 0.60102
hs22 42000000 42249999 0.082826
hs22 42250000 42499999 0.891503
hs22 42500000 42749999 0.14281
hs22 42750000 42999999 0.0175129
hs22 43000000 43249999 0.872102
hs22 43250000 43499999 0.581624
hs22 43500000 43749999 0.829226
hs22 43750000 43999999 0.579716
hs22 44000000 44249999 0.840572
hs22 44250000 44499999 0.372877
hs22 44500000 44749999 0.110726
hs22 44750000 44999999 0.968638
hs22 45000000 45249999 0.678316
hs22 45250000 45499999 0.629818
hs22 45500000 45749999 0.247659
hs22 45750000 45999999 0.599073
hs22 46000000 46249999 0.460768
hs22 46250000 46499999 0.0408336
hs22 46500000 46749999 0.527964
hs22 46750000 46999999 0.515888
hs22 47000000 47249999 0.924711
hs22 47250000 47499999 0.0741699
hs22 47500000 47749999 0.846503
hs22 47750000 47999999 0.913295
hs22 48000000 48249999 0.76116
hs22 48250000 48499999 0.856058
hs22 48500000 48749999 0.698657
hs22 48750000 48999999 0.0594079
hs22 49000000 49249999 0.580173
hs22 49250000 49499999 0.0329419
hs22 49500000 49749999 0.540117
