hsY 0 999999 0.005786
hsY 1000000 1999999 0.003958
hsY 2000000 2999999 0.002578
hsY 3000000 3999999 0.007451
hsY 4000000 4999999 0.007245
hsY 5000000 5999999 0.006954
hsY 6000000 6999999 0.003349
hsY 7000000 7999999 0.000983
hsY 8000000 8999999 0.00029
hsY 9000000 9999999 0.001541
hsY 10000000 10999999 0.001764
hsY 11000000 11999999 0.003076
hsY 12000000 12999999 0.00048
hsY 13000000 13999999 0.00053
hsY 14000000 14999999 0.000435
hsY 15000000 15999999 0.000358
hsY 16000000 16999999 0.000387
hsY 17000000 17999999 0.000321
hsY 18000000 18999999 0.000977
hsY 19000000 19999999 0.000338
hsY 20000000 20999999 0.002377
hsY 21000000 21999999 0.000313
hsY 22000000 22999999 0.001955
hsY 23000000 23999999 0.001572
hsY 24000000 24999999 0.002026
hsY 25000000 25999999 0.00174
hsY 26000000 26999999 0.001574
hsY 27000000 27999999 0.000315
hsY 57000000 57999999 0.004056
hsM 0 999999 0.000648
hsX 0 999999 0.005786
hsX 1000000 1999999 0.003958
hsX 2000000 2999999 0.003292
hsX 3000000 3999999 0.003662
hsX 4000000 4999999 0.002736
hsX 5000000 5999999 0.003467
hsX 6000000 6999999 0.002615
hsX 7000000 7999999 0.001925
hsX 8000000 8999999 0.002343
hsX 9000000 9999999 0.002664
hsX 10000000 10999999 0.002078
hsX 11000000 11999999 0.00232
hsX 12000000 12999999 0.003019
hsX 13000000 13999999 0.002187
hsX 14000000 14999999 0.001883
hsX 15000000 15999999 0.002122
hsX 16000000 16999999 0.001922
hsX 17000000 17999999 0.001387
hsX 18000000 18999999 0.001437
hsX 19000000 19999999 0.001804
hsX 20000000 20999999 0.001483
hsX 21000000 21999999 0.001348
hsX 22000000 22999999 0.002848
hsX 23000000 23999999 0.002631
hsX 24000000 24999999 0.001789
hsX 25000000 25999999 0.002114
hsX 26000000 26999999 0.00208
hsX 27000000 27999999 0.002078
hsX 28000000 28999999 0.001723
hsX 29000000 29999999 0.001829
hsX 30000000 30999999 0.002168
hsX 31000000 31999999 0.002359
hsX 32000000 32999999 0.002854
hsX 33000000 33999999 0.002058
hsX 34000000 34999999 0.002367
hsX 35000000 35999999 0.001954
hsX 36000000 36999999 0.001762
hsX 37000000 37999999 0.002122
hsX 38000000 38999999 0.001941
hsX 39000000 39999999 0.001723
hsX 40000000 40999999 0.001998
hsX 41000000 41999999 0.001861
hsX 42000000 42999999 0.001735
hsX 43000000 43999999 0.001652
hsX 44000000 44999999 0.001988
hsX 45000000 45999999 0.001695
hsX 46000000 46999999 0.001592
hsX 47000000 47999999 0.002459
hsX 48000000 48999999 0.00181
hsX 49000000 49999999 0.00234
hsX 50000000 50999999 0.0016
hsX 51000000 51999999 0.001819
hsX 52000000 52999999 0.001601
hsX 53000000 53999999 0.00155
hsX 54000000 54999999 0.002023
hsX 55000000 55999999 0.002353
hsX 56000000 56999999 0.002667
hsX 57000000 57999999 0.001908
hsX 58000000 58999999 0.012884
hsX 61000000 61999999 0.001751
hsX 62000000 62999999 0.003999
hsX 63000000 63999999 0.007557
hsX 64000000 64999999 0.002829
hsX 65000000 65999999 0.003015
hsX 66000000 66999999 0.001863
hsX 67000000 67999999 0.001966
hsX 68000000 68999999 0.001974
hsX 69000000 69999999 0.001931
hsX 70000000 70999999 0.001819
hsX 71000000 71999999 0.001515
hsX 72000000 72999999 0.001664
hsX 73000000 73999999 0.001449
hsX 74000000 74999999 0.001857
hsX 75000000 75999999 0.002904
hsX 76000000 76999999 0.002279
hsX 77000000 77999999 0.00411
hsX 78000000 78999999 0.005104
hsX 79000000 79999999 0.006051
hsX 80000000 80999999 0.003986
hsX 81000000 81999999 0.002194
hsX 82000000 82999999 0.003602
hsX 83000000 83999999 0.002289
hsX 84000000 84999999 0.002855
hsX 85000000 85999999 0.002633
hsX 86000000 86999999 0.003483
hsX 87000000 87999999 0.003216
hsX 88000000 88999999 0.007019
hsX 89000000 89999999 0.008364
hsX 90000000 90999999 0.006283
hsX 91000000 91999999 0.008648
hsX 92000000 92999999 0.004066
hsX 93000000 93999999 0.002294
hsX 94000000 94999999 0.001964
hsX 95000000 95999999 0.002681
hsX 96000000 96999999 0.002015
hsX 97000000 97999999 0.001836
hsX 98000000 98999999 0.001315
hsX 99000000 99999999 0.001964
hsX 100000000 100999999 0.001955
hsX 101000000 101999999 0.001513
hsX 102000000 102999999 0.001526
hsX 103000000 103999999 0.001364
hsX 104000000 104999999 0.001426
hsX 105000000 105999999 0.001273
hsX 106000000 106999999 0.001459
hsX 107000000 107999999 0.001431
hsX 108000000 108999999 0.001815
hsX 109000000 109999999 0.001544
hsX 110000000 110999999 0.001398
hsX 111000000 111999999 0.001838
hsX 112000000 112999999 0.002111
hsX 113000000 113999999 0.001875
hsX 114000000 114999999 0.002331
hsX 115000000 115999999 0.003067
hsX 116000000 116999999 0.0046
hsX 117000000 117999999 0.003447
hsX 118000000 118999999 0.003539
hsX 119000000 119999999 0.003032
hsX 120000000 120999999 0.003818
hsX 121000000 121999999 0.003166
hsX 122000000 122999999 0.002134
hsX 123000000 123999999 0.002249
hsX 124000000 124999999 0.003005
hsX 125000000 125999999 0.002664
hsX 126000000 126999999 0.002635
hsX 127000000 127999999 0.002001
hsX 128000000 128999999 0.00213
hsX 129000000 129999999 0.001711
hsX 130000000 130999999 0.001752
hsX 131000000 131999999 0.00139
hsX 132000000 132999999 0.001234
hsX 133000000 133999999 0.001396
hsX 134000000 134999999 0.002231
hsX 135000000 135999999 0.001619
hsX 136000000 136999999 0.001907
hsX 137000000 137999999 0.00202
hsX 138000000 138999999 0.002268
hsX 139000000 139999999 0.002601
hsX 140000000 140999999 0.003459
hsX 141000000 141999999 0.002973
hsX 142000000 142999999 0.002458
hsX 143000000 143999999 0.003066
hsX 144000000 144999999 0.002777
hsX 145000000 145999999 0.00292
hsX 146000000 146999999 0.002207
hsX 147000000 147999999 0.001797
hsX 148000000 148999999 0.002031
hsX 149000000 149999999 0.002037
hsX 150000000 150999999 0.002653
hsX 151000000 151999999 0.002482
hsX 152000000 152999999 0.002476
hsX 153000000 153999999 0.002099
hsX 154000000 154999999 0.00242
hsX_random 0 999999 0.001698
hsX_random 1000000 1999999 0.000778
hs1 0 999999 0.006405
hs1 1000000 1999999 0.003694
hs1 2000000 2999999 0.004058
hs1 3000000 3999999 0.003996
hs1 4000000 4999999 0.004408
hs1 5000000 5999999 0.003683
hs1 6000000 6999999 0.002823
hs1 7000000 7999999 0.00341
hs1 8000000 8999999 0.00304
hs1 9000000 9999999 0.002833
hs1 10000000 10999999 0.002833
hs1 11000000 11999999 0.003482
hs1 12000000 12999999 0.004757
hs1 13000000 13999999 0.00558
hs1 14000000 14999999 0.003696
hs1 15000000 15999999 0.003781
hs1 16000000 16999999 0.007485
hs1 17000000 17999999 0.004355
hs1 18000000 18999999 0.003815
hs1 19000000 19999999 0.003706
hs1 20000000 20999999 0.003459
hs1 21000000 21999999 0.003567
hs1 22000000 22999999 0.003807
hs1 23000000 23999999 0.002916
hs1 24000000 24999999 0.003405
hs1 25000000 25999999 0.003275
hs1 26000000 26999999 0.002703
hs1 27000000 27999999 0.002036
hs1 28000000 28999999 0.002489
hs1 29000000 29999999 0.002889
hs1 30000000 30999999 0.00592
hs1 31000000 31999999 0.003345
hs1 32000000 32999999 0.002173
hs1 33000000 33999999 0.002959
hs1 34000000 34999999 0.007329
hs1 35000000 35999999 0.002665
hs1 36000000 36999999 0.002485
hs1 37000000 37999999 0.003279
hs1 38000000 38999999 0.00282
hs1 39000000 39999999 0.003176
hs1 40000000 40999999 0.004724
hs1 41000000 41999999 0.003381
hs1 42000000 42999999 0.003919
hs1 43000000 43999999 0.003528
hs1 44000000 44999999 0.002565
hs1 45000000 45999999 0.004017
hs1 46000000 46999999 0.003099
hs1 47000000 47999999 0.004383
hs1 48000000 48999999 0.00397
hs1 49000000 49999999 0.002989
hs1 50000000 50999999 0.002224
hs1 51000000 51999999 0.00181
hs1 52000000 52999999 0.002585
hs1 53000000 53999999 0.003404
hs1 54000000 54999999 0.003335
hs1 55000000 55999999 0.003753
hs1 56000000 56999999 0.003498
hs1 57000000 57999999 0.003597
hs1 58000000 58999999 0.004345
hs1 59000000 59999999 0.003025
hs1 60000000 60999999 0.002607
hs1 61000000 61999999 0.00302
hs1 62000000 62999999 0.003258
hs1 63000000 63999999 0.003456
hs1 64000000 64999999 0.003222
hs1 65000000 65999999 0.003219
hs1 66000000 66999999 0.003322
hs1 67000000 67999999 0.003222
hs1 68000000 68999999 0.003258
hs1 69000000 69999999 0.002894
hs1 70000000 70999999 0.002684
hs1 71000000 71999999 0.002609
hs1 72000000 72999999 0.00299
hs1 73000000 73999999 0.002885
hs1 74000000 74999999 0.002774
hs1 75000000 75999999 0.002932
hs1 76000000 76999999 0.003632
hs1 77000000 77999999 0.002703
hs1 78000000 78999999 0.002633
hs1 79000000 79999999 0.003594
hs1 80000000 80999999 0.003319
hs1 81000000 81999999 0.003277
hs1 82000000 82999999 0.003409
hs1 83000000 83999999 0.004619
hs1 84000000 84999999 0.002853
hs1 85000000 85999999 0.003518
hs1 86000000 86999999 0.003162
hs1 87000000 87999999 0.002681
hs1 88000000 88999999 0.002684
hs1 89000000 89999999 0.002934
hs1 90000000 90999999 0.002536
hs1 91000000 91999999 0.003833
hs1 92000000 92999999 0.002736
hs1 93000000 93999999 0.002446
hs1 94000000 94999999 0.003438
hs1 95000000 95999999 0.002983
hs1 96000000 96999999 0.003115
hs1 97000000 97999999 0.002378
hs1 98000000 98999999 0.002548
hs1 99000000 99999999 0.003241
hs1 100000000 100999999 0.002981
hs1 101000000 101999999 0.00314
hs1 102000000 102999999 0.003727
hs1 103000000 103999999 0.002951
hs1 104000000 104999999 0.003878
hs1 105000000 105999999 0.00502
hs1 106000000 106999999 0.003337
hs1 107000000 107999999 0.003064
hs1 108000000 108999999 0.003532
hs1 109000000 109999999 0.00275
hs1 110000000 110999999 0.003288
hs1 111000000 111999999 0.003621
hs1 112000000 112999999 0.003751
hs1 113000000 113999999 0.002845
hs1 114000000 114999999 0.002801
hs1 115000000 115999999 0.003031
hs1 116000000 116999999 0.003548
hs1 117000000 117999999 0.003108
hs1 118000000 118999999 0.002827
hs1 119000000 119999999 0.003248
hs1 120000000 120999999 0.004072
hs1 121000000 121999999 0.001831
hs1 141000000 141999999 0.013649
hs1 142000000 142999999 0.014293
hs1 143000000 143999999 0.00855
hs1 144000000 144999999 0.005514
hs1 145000000 145999999 0.003727
hs1 146000000 146999999 0.007468
hs1 147000000 147999999 0.008692
hs1 148000000 148999999 0.003204
hs1 149000000 149999999 0.002434
hs1 150000000 150999999 0.004709
hs1 151000000 151999999 0.004822
hs1 152000000 152999999 0.00242
hs1 153000000 153999999 0.002342
hs1 154000000 154999999 0.002507
hs1 155000000 155999999 0.004392
hs1 156000000 156999999 0.005049
hs1 157000000 157999999 0.005888
hs1 158000000 158999999 0.003258
hs1 159000000 159999999 0.004613
hs1 160000000 160999999 0.00374
hs1 161000000 161999999 0.004416
hs1 162000000 162999999 0.003792
hs1 163000000 163999999 0.00353
hs1 164000000 164999999 0.004134
hs1 165000000 165999999 0.003106
hs1 166000000 166999999 0.003486
hs1 167000000 167999999 0.004346
hs1 168000000 168999999 0.003382
hs1 169000000 169999999 0.003718
hs1 170000000 170999999 0.002713
hs1 171000000 171999999 0.002545
hs1 172000000 172999999 0.002194
hs1 173000000 173999999 0.003019
hs1 174000000 174999999 0.00245
hs1 175000000 175999999 0.002588
hs1 176000000 176999999 0.002679
hs1 177000000 177999999 0.00344
hs1 178000000 178999999 0.002767
hs1 179000000 179999999 0.002998
hs1 180000000 180999999 0.003003
hs1 181000000 181999999 0.003252
hs1 182000000 182999999 0.002561
hs1 183000000 183999999 0.002241
hs1 184000000 184999999 0.002501
hs1 185000000 185999999 0.003346
hs1 186000000 186999999 0.004148
hs1 187000000 187999999 0.002996
hs1 188000000 188999999 0.003281
hs1 189000000 189999999 0.002964
hs1 190000000 190999999 0.002794
hs1 191000000 191999999 0.002504
hs1 192000000 192999999 0.003768
hs1 193000000 193999999 0.003041
hs1 194000000 194999999 0.003124
hs1 195000000 195999999 0.003001
hs1 196000000 196999999 0.002877
hs1 197000000 197999999 0.002768
hs1 198000000 198999999 0.003241
hs1 199000000 199999999 0.00363
hs1 200000000 200999999 0.002923
hs1 201000000 201999999 0.003193
hs1 202000000 202999999 0.00338
hs1 203000000 203999999 0.003283
hs1 204000000 204999999 0.002768
hs1 205000000 205999999 0.00337
hs1 206000000 206999999 0.003124
hs1 207000000 207999999 0.003157
hs1 208000000 208999999 0.003402
hs1 209000000 209999999 0.003076
hs1 210000000 210999999 0.003229
hs1 211000000 211999999 0.002832
hs1 212000000 212999999 0.002992
hs1 213000000 213999999 0.002693
hs1 214000000 214999999 0.00326
hs1 215000000 215999999 0.003847
hs1 216000000 216999999 0.00371
hs1 217000000 217999999 0.003323
hs1 218000000 218999999 0.002854
hs1 219000000 219999999 0.003061
hs1 220000000 220999999 0.002704
hs1 221000000 221999999 0.002787
hs1 222000000 222999999 0.00389
hs1 223000000 223999999 0.002973
hs1 224000000 224999999 0.00295
hs1 225000000 225999999 0.003381
hs1 226000000 226999999 0.002765
hs1 227000000 227999999 0.003256
hs1 228000000 228999999 0.003809
hs1 229000000 229999999 0.002904
hs1 230000000 230999999 0.003775
hs1 231000000 231999999 0.003453
hs1 232000000 232999999 0.003872
hs1 233000000 233999999 0.002908
hs1 234000000 234999999 0.004532
hs1 235000000 235999999 0.003805
hs1 236000000 236999999 0.004026
hs1 237000000 237999999 0.003056
hs1 238000000 238999999 0.003765
hs1 239000000 239999999 0.0034
hs1 240000000 240999999 0.00477
hs1 241000000 241999999 0.003999
hs1 242000000 242999999 0.003222
hs1 243000000 243999999 0.003732
hs1 244000000 244999999 0.004638
hs1 245000000 245999999 0.00381
hs1 246000000 246999999 0.004754
hs1 247000000 247999999 0.000558
hs1_random 0 999999 0.003102
hs1_random 1000000 1999999 0.001003
hs2 0 999999 0.003775
hs2 1000000 1999999 0.004488
hs2 2000000 2999999 0.00321
hs2 3000000 3999999 0.003696
hs2 4000000 4999999 0.003152
hs2 5000000 5999999 0.003239
hs2 6000000 6999999 0.003688
hs2 7000000 7999999 0.002917
hs2 8000000 8999999 0.002605
hs2 9000000 9999999 0.003052
hs2 10000000 10999999 0.003906
hs2 11000000 11999999 0.002934
hs2 12000000 12999999 0.003069
hs2 13000000 13999999 0.003492
hs2 14000000 14999999 0.003035
hs2 15000000 15999999 0.003174
hs2 16000000 16999999 0.002778
hs2 17000000 17999999 0.002659
hs2 18000000 18999999 0.003132
hs2 19000000 19999999 0.003179
hs2 20000000 20999999 0.002902
hs2 21000000 21999999 0.004137
hs2 22000000 22999999 0.002932
hs2 23000000 23999999 0.004895
hs2 24000000 24999999 0.002904
hs2 25000000 25999999 0.002197
hs2 26000000 26999999 0.00259
hs2 27000000 27999999 0.002009
hs2 28000000 28999999 0.002479
hs2 29000000 29999999 0.004577
hs2 30000000 30999999 0.00432
hs2 31000000 31999999 0.003521
hs2 32000000 32999999 0.00206
hs2 33000000 33999999 0.004314
hs2 34000000 34999999 0.004482
hs2 35000000 35999999 0.004542
hs2 36000000 36999999 0.004334
hs2 37000000 37999999 0.003728
hs2 38000000 38999999 0.003253
hs2 39000000 39999999 0.002597
hs2 40000000 40999999 0.003752
hs2 41000000 41999999 0.003992
hs2 42000000 42999999 0.003015
hs2 43000000 43999999 0.004065
hs2 44000000 44999999 0.002708
hs2 45000000 45999999 0.004107
hs2 46000000 46999999 0.003063
hs2 47000000 47999999 0.003278
hs2 48000000 48999999 0.002765
hs2 49000000 49999999 0.003251
hs2 50000000 50999999 0.003121
hs2 51000000 51999999 0.004561
hs2 52000000 52999999 0.003857
hs2 53000000 53999999 0.003309
hs2 54000000 54999999 0.003119
hs2 55000000 55999999 0.003131
hs2 56000000 56999999 0.003323
hs2 57000000 57999999 0.003152
hs2 58000000 58999999 0.002031
hs2 59000000 59999999 0.002689
hs2 60000000 60999999 0.002525
hs2 61000000 61999999 0.002368
hs2 62000000 62999999 0.002044
hs2 63000000 63999999 0.001666
hs2 64000000 64999999 0.002682
hs2 65000000 65999999 0.003219
hs2 66000000 66999999 0.002545
hs2 67000000 67999999 0.003194
hs2 68000000 68999999 0.002919
hs2 69000000 69999999 0.002537
hs2 70000000 70999999 0.003167
hs2 71000000 71999999 0.00313
hs2 72000000 72999999 0.001812
hs2 73000000 73999999 0.002528
hs2 74000000 74999999 0.002591
hs2 75000000 75999999 0.00286
hs2 76000000 76999999 0.003377
hs2 77000000 77999999 0.003224
hs2 78000000 78999999 0.00262
hs2 79000000 79999999 0.003523
hs2 80000000 80999999 0.002815
hs2 81000000 81999999 0.002561
hs2 82000000 82999999 0.002297
hs2 83000000 83999999 0.002555
hs2 84000000 84999999 0.002556
hs2 85000000 85999999 0.002557
hs2 86000000 86999999 0.002424
hs2 87000000 87999999 0.004466
hs2 88000000 88999999 0.00258
hs2 89000000 89999999 0.004579
hs2 90000000 90999999 0.001184
hs2 91000000 91999999 0.014081
hs2 94000000 94999999 0.001637
hs2 95000000 95999999 0.002293
hs2 96000000 96999999 0.001692
hs2 97000000 97999999 0.004004
hs2 98000000 98999999 0.001975
hs2 99000000 99999999 0.002422
hs2 100000000 100999999 0.003534
hs2 101000000 101999999 0.002592
hs2 102000000 102999999 0.00348
hs2 103000000 103999999 0.002122
hs2 104000000 104999999 0.002129
hs2 105000000 105999999 0.003402
hs2 106000000 106999999 0.003526
hs2 107000000 107999999 0.003493
hs2 108000000 108999999 0.003539
hs2 109000000 109999999 0.002873
hs2 110000000 110999999 0.002492
hs2 111000000 111999999 0.003039
hs2 112000000 112999999 0.004312
hs2 113000000 113999999 0.005337
hs2 114000000 114999999 0.00524
hs2 115000000 115999999 0.003182
hs2 116000000 116999999 0.003526
hs2 117000000 117999999 0.003232
hs2 118000000 118999999 0.004276
hs2 119000000 119999999 0.003467
hs2 120000000 120999999 0.002195
hs2 121000000 121999999 0.002994
hs2 122000000 122999999 0.002624
hs2 123000000 123999999 0.003696
hs2 124000000 124999999 0.003196
hs2 125000000 125999999 0.002948
hs2 126000000 126999999 0.002998
hs2 127000000 127999999 0.003524
hs2 128000000 128999999 0.002969
hs2 129000000 129999999 0.003757
hs2 130000000 130999999 0.004831
hs2 131000000 131999999 0.003808
hs2 132000000 132999999 0.007003
hs2 133000000 133999999 0.00265
hs2 134000000 134999999 0.003311
hs2 135000000 135999999 0.001852
hs2 136000000 136999999 0.00251
hs2 137000000 137999999 0.003323
hs2 138000000 138999999 0.002764
hs2 139000000 139999999 0.003015
hs2 140000000 140999999 0.003059
hs2 141000000 141999999 0.00385
hs2 142000000 142999999 0.003003
hs2 143000000 143999999 0.002497
hs2 144000000 144999999 0.001698
hs2 145000000 145999999 0.001964
hs2 146000000 146999999 0.002162
hs2 147000000 147999999 0.001733
hs2 148000000 148999999 0.002345
hs2 149000000 149999999 0.002721
hs2 150000000 150999999 0.00551
hs2 151000000 151999999 0.003135
hs2 152000000 152999999 0.004296
hs2 153000000 153999999 0.004557
hs2 154000000 154999999 0.004707
hs2 155000000 155999999 0.00275
hs2 156000000 156999999 0.005027
hs2 157000000 157999999 0.003645
hs2 158000000 158999999 0.004776
hs2 159000000 159999999 0.003503
hs2 160000000 160999999 0.003186
hs2 161000000 161999999 0.003415
hs2 162000000 162999999 0.001942
hs2 163000000 163999999 0.002594
hs2 164000000 164999999 0.002424
hs2 165000000 165999999 0.002582
hs2 166000000 166999999 0.003408
hs2 167000000 167999999 0.002897
hs2 168000000 168999999 0.003134
hs2 169000000 169999999 0.003139
hs2 170000000 170999999 0.003409
hs2 171000000 171999999 0.002759
hs2 172000000 172999999 0.002828
hs2 173000000 173999999 0.003235
hs2 174000000 174999999 0.002761
hs2 175000000 175999999 0.002638
hs2 176000000 176999999 0.00278
hs2 177000000 177999999 0.002997
hs2 178000000 178999999 0.003177
hs2 179000000 179999999 0.002424
hs2 180000000 180999999 0.003208
hs2 181000000 181999999 0.002792
hs2 182000000 182999999 0.002585
hs2 183000000 183999999 0.002916
hs2 184000000 184999999 0.002953
hs2 185000000 185999999 0.002239
hs2 186000000 186999999 0.002324
hs2 187000000 187999999 0.002637
hs2 188000000 188999999 0.002685
hs2 189000000 189999999 0.002327
hs2 190000000 190999999 0.003086
hs2 191000000 191999999 0.002516
hs2 192000000 192999999 0.002615
hs2 193000000 193999999 0.002274
hs2 194000000 194999999 0.002379
hs2 195000000 195999999 0.002824
hs2 196000000 196999999 0.002761
hs2 197000000 197999999 0.002201
hs2 198000000 198999999 0.00195
hs2 199000000 199999999 0.002506
hs2 200000000 200999999 0.002052
hs2 201000000 201999999 0.002487
hs2 202000000 202999999 0.002379
hs2 203000000 203999999 0.001588
hs2 204000000 204999999 0.002566
hs2 205000000 205999999 0.002607
hs2 206000000 206999999 0.002591
hs2 207000000 207999999 0.002622
hs2 208000000 208999999 0.002954
hs2 209000000 209999999 0.002908
hs2 210000000 210999999 0.002136
hs2 211000000 211999999 0.002954
hs2 212000000 212999999 0.003359
hs2 213000000 213999999 0.002732
hs2 214000000 214999999 0.00273
hs2 215000000 215999999 0.003225
hs2 216000000 216999999 0.003005
hs2 217000000 217999999 0.00324
hs2 218000000 218999999 0.002978
hs2 219000000 219999999 0.002479
hs2 220000000 220999999 0.003209
hs2 221000000 221999999 0.002911
hs2 222000000 222999999 0.002584
hs2 223000000 223999999 0.002989
hs2 224000000 224999999 0.003192
hs2 225000000 225999999 0.002962
hs2 226000000 226999999 0.002454
hs2 227000000 227999999 0.002748
hs2 228000000 228999999 0.003322
hs2 229000000 229999999 0.002844
hs2 230000000 230999999 0.003024
hs2 231000000 231999999 0.002889
hs2 232000000 232999999 0.002886
hs2 233000000 233999999 0.003164
hs2 234000000 234999999 0.004401
hs2 235000000 235999999 0.003745
hs2 236000000 236999999 0.002878
hs2 237000000 237999999 0.003109
hs2 238000000 238999999 0.003319
hs2 239000000 239999999 0.003044
hs2 240000000 240999999 0.003734
hs2 241000000 241999999 0.003384
hs2 242000000 242999999 0.002513
hs2_random 0 999999 0.000473
hs3_random 0 999999 0.001699
hs3 0 999999 0.005685
hs3 1000000 1999999 0.00724
hs3 2000000 2999999 0.004974
hs3 3000000 3999999 0.007015
hs3 4000000 4999999 0.006927
hs3 5000000 5999999 0.004745
hs3 6000000 6999999 0.005377
hs3 7000000 7999999 0.004224
hs3 8000000 8999999 0.005239
hs3 9000000 9999999 0.003109
hs3 10000000 10999999 0.004112
hs3 11000000 11999999 0.003386
hs3 12000000 12999999 0.003737
hs3 13000000 13999999 0.003627
hs3 14000000 14999999 0.004072
hs3 15000000 15999999 0.003674
hs3 16000000 16999999 0.003497
hs3 17000000 17999999 0.002322
hs3 18000000 18999999 0.003288
hs3 19000000 19999999 0.002159
hs3 20000000 20999999 0.003297
hs3 21000000 21999999 0.004738
hs3 22000000 22999999 0.003851
hs3 23000000 23999999 0.002879
hs3 24000000 24999999 0.003123
hs3 25000000 25999999 0.002953
hs3 26000000 26999999 0.003396
hs3 27000000 27999999 0.003505
hs3 28000000 28999999 0.002525
hs3 29000000 29999999 0.003509
hs3 30000000 30999999 0.003421
hs3 31000000 31999999 0.002836
hs3 32000000 32999999 0.003132
hs3 33000000 33999999 0.002163
hs3 34000000 34999999 0.002721
hs3 35000000 35999999 0.002326
hs3 36000000 36999999 0.002761
hs3 37000000 37999999 0.002864
hs3 38000000 38999999 0.003303
hs3 39000000 39999999 0.003251
hs3 40000000 40999999 0.002213
hs3 41000000 41999999 0.003081
hs3 42000000 42999999 0.002702
hs3 43000000 43999999 0.002178
hs3 44000000 44999999 0.002006
hs3 45000000 45999999 0.003126
hs3 46000000 46999999 0.002992
hs3 47000000 47999999 0.001685
hs3 48000000 48999999 0.001801
hs3 49000000 49999999 0.001837
hs3 50000000 50999999 0.002242
hs3 51000000 51999999 0.001703
hs3 52000000 52999999 0.002043
hs3 53000000 53999999 0.002843
hs3 54000000 54999999 0.002802
hs3 55000000 55999999 0.003173
hs3 56000000 56999999 0.00291
hs3 57000000 57999999 0.002521
hs3 58000000 58999999 0.002728
hs3 59000000 59999999 0.003707
hs3 60000000 60999999 0.004387
hs3 61000000 61999999 0.003109
hs3 62000000 62999999 0.003082
hs3 63000000 63999999 0.003104
hs3 64000000 64999999 0.003531
hs3 65000000 65999999 0.003396
hs3 66000000 66999999 0.002565
hs3 67000000 67999999 0.00336
hs3 68000000 68999999 0.003323
hs3 69000000 69999999 0.003476
hs3 70000000 70999999 0.002818
hs3 71000000 71999999 0.002532
hs3 72000000 72999999 0.002982
hs3 73000000 73999999 0.003577
hs3 74000000 74999999 0.003489
hs3 75000000 75999999 0.006099
hs3 76000000 76999999 0.003373
hs3 77000000 77999999 0.002892
hs3 78000000 78999999 0.002477
hs3 79000000 79999999 0.002343
hs3 80000000 80999999 0.002637
hs3 81000000 81999999 0.002535
hs3 82000000 82999999 0.002458
hs3 83000000 83999999 0.002116
hs3 84000000 84999999 0.002534
hs3 85000000 85999999 0.002638
hs3 86000000 86999999 0.002583
hs3 87000000 87999999 0.002807
hs3 88000000 88999999 0.003096
hs3 89000000 89999999 0.002091
hs3 90000000 90999999 0.000889
hs3 94000000 94999999 0.001578
hs3 95000000 95999999 0.004622
hs3 96000000 96999999 0.004662
hs3 97000000 97999999 0.005192
hs3 98000000 98999999 0.004181
hs3 99000000 99999999 0.006546
hs3 100000000 100999999 0.00614
hs3 101000000 101999999 0.004646
hs3 102000000 102999999 0.003452
hs3 103000000 103999999 0.002694
hs3 104000000 104999999 0.00547
hs3 105000000 105999999 0.003342
hs3 106000000 106999999 0.003701
hs3 107000000 107999999 0.003476
hs3 108000000 108999999 0.003892
hs3 109000000 109999999 0.003846
hs3 110000000 110999999 0.003521
hs3 111000000 111999999 0.003297
hs3 112000000 112999999 0.003225
hs3 113000000 113999999 0.003822
hs3 114000000 114999999 0.002828
hs3 115000000 115999999 0.002254
hs3 116000000 116999999 0.002189
hs3 117000000 117999999 0.003079
hs3 118000000 118999999 0.002882
hs3 119000000 119999999 0.002724
hs3 120000000 120999999 0.00316
hs3 121000000 121999999 0.002492
hs3 122000000 122999999 0.002451
hs3 123000000 123999999 0.002934
hs3 124000000 124999999 0.002729
hs3 125000000 125999999 0.003279
hs3 126000000 126999999 0.003506
hs3 127000000 127999999 0.003727
hs3 128000000 128999999 0.00269
hs3 129000000 129999999 0.002757
hs3 130000000 130999999 0.002164
hs3 131000000 131999999 0.003576
hs3 132000000 132999999 0.002283
hs3 133000000 133999999 0.002951
hs3 134000000 134999999 0.0031
hs3 135000000 135999999 0.002591
hs3 136000000 136999999 0.002792
hs3 137000000 137999999 0.001799
hs3 138000000 138999999 0.002607
hs3 139000000 139999999 0.002128
hs3 140000000 140999999 0.002501
hs3 141000000 141999999 0.002826
hs3 142000000 142999999 0.002343
hs3 143000000 143999999 0.002173
hs3 144000000 144999999 0.002798
hs3 145000000 145999999 0.002756
hs3 146000000 146999999 0.003141
hs3 147000000 147999999 0.003319
hs3 148000000 148999999 0.002031
hs3 149000000 149999999 0.00279
hs3 150000000 150999999 0.003095
hs3 151000000 151999999 0.00238
hs3 152000000 152999999 0.002607
hs3 153000000 153999999 0.002521
hs3 154000000 154999999 0.003054
hs3 155000000 155999999 0.00243
hs3 156000000 156999999 0.002264
hs3 157000000 157999999 0.002487
hs3 158000000 158999999 0.002586
hs3 159000000 159999999 0.002441
hs3 160000000 160999999 0.002608
hs3 161000000 161999999 0.002155
hs3 162000000 162999999 0.002716
hs3 163000000 163999999 0.003824
hs3 164000000 164999999 0.003246
hs3 165000000 165999999 0.003191
hs3 166000000 166999999 0.002175
hs3 167000000 167999999 0.002736
hs3 168000000 168999999 0.001998
hs3 169000000 169999999 0.002454
hs3 170000000 170999999 0.00272
hs3 171000000 171999999 0.00246
hs3 172000000 172999999 0.002761
hs3 173000000 173999999 0.002911
hs3 174000000 174999999 0.002654
hs3 175000000 175999999 0.002866
hs3 176000000 176999999 0.003045
hs3 177000000 177999999 0.002939
hs3 178000000 178999999 0.002919
hs3 179000000 179999999 0.002412
hs3 180000000 180999999 0.002571
hs3 181000000 181999999 0.002416
hs3 182000000 182999999 0.00192
hs3 183000000 183999999 0.002178
hs3 184000000 184999999 0.002824
hs3 185000000 185999999 0.003143
hs3 186000000 186999999 0.002335
hs3 187000000 187999999 0.002946
hs3 188000000 188999999 0.003457
hs3 189000000 189999999 0.002863
hs3 190000000 190999999 0.003019
hs3 191000000 191999999 0.003648
hs3 192000000 192999999 0.003811
hs3 193000000 193999999 0.0031
hs3 194000000 194999999 0.003017
hs3 195000000 195999999 0.003433
hs3 196000000 196999999 0.004658
hs3 197000000 197999999 0.003735
hs3 198000000 198999999 0.003499
hs3 199000000 199999999 0.001863
hs4_random 0 999999 0.003596
hs4 0 999999 0.003564
hs4 1000000 1999999 0.003287
hs4 2000000 2999999 0.003307
hs4 3000000 3999999 0.004419
hs4 4000000 4999999 0.004937
hs4 5000000 5999999 0.004108
hs4 6000000 6999999 0.003658
hs4 7000000 7999999 0.004697
hs4 8000000 8999999 0.003841
hs4 9000000 9999999 0.005777
hs4 10000000 10999999 0.003677
hs4 11000000 11999999 0.003958
hs4 12000000 12999999 0.003872
hs4 13000000 13999999 0.003477
hs4 14000000 14999999 0.003685
hs4 15000000 15999999 0.003126
hs4 16000000 16999999 0.003389
hs4 17000000 17999999 0.003071
hs4 18000000 18999999 0.002879
hs4 19000000 19999999 0.002834
hs4 20000000 20999999 0.003284
hs4 21000000 21999999 0.003599
hs4 22000000 22999999 0.002832
hs4 23000000 23999999 0.003263
hs4 24000000 24999999 0.003022
hs4 25000000 25999999 0.003242
hs4 26000000 26999999 0.002531
hs4 27000000 27999999 0.003381
hs4 28000000 28999999 0.003375
hs4 29000000 29999999 0.002752
hs4 30000000 30999999 0.00314
hs4 31000000 31999999 0.002911
hs4 32000000 32999999 0.002859
hs4 33000000 33999999 0.001822
hs4 34000000 34999999 0.003101
hs4 35000000 35999999 0.003446
hs4 36000000 36999999 0.003889
hs4 37000000 37999999 0.003738
hs4 38000000 38999999 0.003772
hs4 39000000 39999999 0.003038
hs4 40000000 40999999 0.003311
hs4 41000000 41999999 0.00273
hs4 42000000 42999999 0.003778
hs4 43000000 43999999 0.002711
hs4 44000000 44999999 0.003787
hs4 45000000 45999999 0.002632
hs4 46000000 46999999 0.002061
hs4 47000000 47999999 0.00311
hs4 48000000 48999999 0.009296
hs4 49000000 49999999 0.008844
hs4 52000000 52999999 0.00196
hs4 53000000 53999999 0.002778
hs4 54000000 54999999 0.003211
hs4 55000000 55999999 0.003269
hs4 56000000 56999999 0.003044
hs4 57000000 57999999 0.003748
hs4 58000000 58999999 0.003785
hs4 59000000 59999999 0.00418
hs4 60000000 60999999 0.003547
hs4 61000000 61999999 0.003635
hs4 62000000 62999999 0.002757
hs4 63000000 63999999 0.004015
hs4 64000000 64999999 0.002819
hs4 65000000 65999999 0.003934
hs4 66000000 66999999 0.003348
hs4 67000000 67999999 0.002986
hs4 68000000 68999999 0.002959
hs4 69000000 69999999 0.003264
hs4 70000000 70999999 0.004035
hs4 71000000 71999999 0.002788
hs4 72000000 72999999 0.002952
hs4 73000000 73999999 0.003534
hs4 74000000 74999999 0.002403
hs4 75000000 75999999 0.005729
hs4 76000000 76999999 0.007241
hs4 77000000 77999999 0.00429
hs4 78000000 78999999 0.004538
hs4 79000000 79999999 0.008648
hs4 80000000 80999999 0.006552
hs4 81000000 81999999 0.006922
hs4 82000000 82999999 0.003574
hs4 83000000 83999999 0.004587
hs4 84000000 84999999 0.003423
hs4 85000000 85999999 0.004472
hs4 86000000 86999999 0.003734
hs4 87000000 87999999 0.003538
hs4 88000000 88999999 0.004364
hs4 89000000 89999999 0.002824
hs4 90000000 90999999 0.003866
hs4 91000000 91999999 0.003074
hs4 92000000 92999999 0.002713
hs4 93000000 93999999 0.002243
hs4 94000000 94999999 0.002328
hs4 95000000 95999999 0.003387
hs4 96000000 96999999 0.003499
hs4 97000000 97999999 0.002668
hs4 98000000 98999999 0.002375
hs4 99000000 99999999 0.003079
hs4 100000000 100999999 0.003405
hs4 101000000 101999999 0.002596
hs4 102000000 102999999 0.003013
hs4 103000000 103999999 0.002805
hs4 104000000 104999999 0.002807
hs4 105000000 105999999 0.002295
hs4 106000000 106999999 0.002426
hs4 107000000 107999999 0.0022
hs4 108000000 108999999 0.00271
hs4 109000000 109999999 0.002706
hs4 110000000 110999999 0.002936
hs4 111000000 111999999 0.003327
hs4 112000000 112999999 0.002646
hs4 113000000 113999999 0.002158
hs4 114000000 114999999 0.002733
hs4 115000000 115999999 0.00305
hs4 116000000 116999999 0.002993
hs4 117000000 117999999 0.003077
hs4 118000000 118999999 0.004954
hs4 119000000 119999999 0.003823
hs4 120000000 120999999 0.003728
hs4 121000000 121999999 0.003054
hs4 122000000 122999999 0.00328
hs4 123000000 123999999 0.002157
hs4 124000000 124999999 0.002796
hs4 125000000 125999999 0.002405
hs4 126000000 126999999 0.003049
hs4 127000000 127999999 0.003062
hs4 128000000 128999999 0.002107
hs4 129000000 129999999 0.001989
hs4 130000000 130999999 0.002706
hs4 131000000 131999999 0.003371
hs4 132000000 132999999 0.004216
hs4 133000000 133999999 0.004035
hs4 134000000 134999999 0.002807
hs4 135000000 135999999 0.002318
hs4 136000000 136999999 0.003004
hs4 137000000 137999999 0.00295
hs4 138000000 138999999 0.003251
hs4 139000000 139999999 0.003029
hs4 140000000 140999999 0.002627
hs4 141000000 141999999 0.002425
hs4 142000000 142999999 0.002619
hs4 143000000 143999999 0.003019
hs4 144000000 144999999 0.003261
hs4 145000000 145999999 0.003307
hs4 146000000 146999999 0.002089
hs4 147000000 147999999 0.002244
hs4 148000000 148999999 0.002743
hs4 149000000 149999999 0.002644
hs4 150000000 150999999 0.002234
hs4 151000000 151999999 0.002133
hs4 152000000 152999999 0.002233
hs4 153000000 153999999 0.00228
hs4 154000000 154999999 0.003068
hs4 155000000 155999999 0.002811
hs4 156000000 156999999 0.003208
hs4 157000000 157999999 0.003267
hs4 158000000 158999999 0.002574
hs4 159000000 159999999 0.002443
hs4 160000000 160999999 0.003175
hs4 161000000 161999999 0.003248
hs4 162000000 162999999 0.003818
hs4 163000000 163999999 0.003553
hs4 164000000 164999999 0.002667
hs4 165000000 165999999 0.003543
hs4 166000000 166999999 0.003426
hs4 167000000 167999999 0.003473
hs4 168000000 168999999 0.003221
hs4 169000000 169999999 0.003328
hs4 170000000 170999999 0.002661
hs4 171000000 171999999 0.00356
hs4 172000000 172999999 0.002775
hs4 173000000 173999999 0.003134
hs4 174000000 174999999 0.002548
hs4 175000000 175999999 0.003175
hs4 176000000 176999999 0.003062
hs4 177000000 177999999 0.00352
hs4 178000000 178999999 0.003819
hs4 179000000 179999999 0.003855
hs4 180000000 180999999 0.003813
hs4 181000000 181999999 0.003703
hs4 182000000 182999999 0.003868
hs4 183000000 183999999 0.003301
hs4 184000000 184999999 0.003195
hs4 185000000 185999999 0.003713
hs4 186000000 186999999 0.003411
hs4 187000000 187999999 0.003859
hs4 188000000 188999999 0.003298
hs4 189000000 189999999 0.004318
hs4 190000000 190999999 0.007392
hs4 191000000 191999999 0.001918
hs5 0 999999 0.004819
hs5 1000000 1999999 0.005202
hs5 2000000 2999999 0.004789
hs5 3000000 3999999 0.005005
hs5 4000000 4999999 0.004135
hs5 5000000 5999999 0.004101
hs5 6000000 6999999 0.003856
hs5 7000000 7999999 0.004521
hs5 8000000 8999999 0.005382
hs5 9000000 9999999 0.004549
hs5 10000000 10999999 0.003857
hs5 11000000 11999999 0.003246
hs5 12000000 12999999 0.002592
hs5 13000000 13999999 0.003685
hs5 14000000 14999999 0.003413
hs5 15000000 15999999 0.003167
hs5 16000000 16999999 0.003474
hs5 17000000 17999999 0.003572
hs5 18000000 18999999 0.003499
hs5 19000000 19999999 0.003152
hs5 20000000 20999999 0.002975
hs5 21000000 21999999 0.004108
hs5 22000000 22999999 0.002997
hs5 23000000 23999999 0.003293
hs5 24000000 24999999 0.003013
hs5 25000000 25999999 0.003259
hs5 26000000 26999999 0.003204
hs5 27000000 27999999 0.002529
hs5 28000000 28999999 0.003031
hs5 29000000 29999999 0.004296
hs5 30000000 30999999 0.003247
hs5 31000000 31999999 0.003529
hs5 32000000 32999999 0.002873
hs5 33000000 33999999 0.003387
hs5 34000000 34999999 0.004912
hs5 35000000 35999999 0.003173
hs5 36000000 36999999 0.00301
hs5 37000000 37999999 0.002579
hs5 38000000 38999999 0.003134
hs5 39000000 39999999 0.00332
hs5 40000000 40999999 0.00341
hs5 41000000 41999999 0.00291
hs5 42000000 42999999 0.002808
hs5 43000000 43999999 0.002607
hs5 44000000 44999999 0.002275
hs5 45000000 45999999 0.001345
hs5 46000000 46999999 0.001518
hs5 49000000 49999999 0.005035
hs5 50000000 50999999 0.005397
hs5 51000000 51999999 0.004725
hs5 52000000 52999999 0.00504
hs5 53000000 53999999 0.003929
hs5 54000000 54999999 0.003296
hs5 55000000 55999999 0.003506
hs5 56000000 56999999 0.003679
hs5 57000000 57999999 0.005018
hs5 58000000 58999999 0.003333
hs5 59000000 59999999 0.002437
hs5 60000000 60999999 0.002585
hs5 61000000 61999999 0.002511
hs5 62000000 62999999 0.003176
hs5 63000000 63999999 0.00223
hs5 64000000 64999999 0.002722
hs5 65000000 65999999 0.00283
hs5 66000000 66999999 0.002711
hs5 67000000 67999999 0.002754
hs5 68000000 68999999 0.003081
hs5 69000000 69999999 0.007519
hs5 70000000 70999999 0.005308
hs5 71000000 71999999 0.002635
hs5 72000000 72999999 0.002443
hs5 73000000 73999999 0.003345
hs5 74000000 74999999 0.002194
hs5 75000000 75999999 0.003217
hs5 76000000 76999999 0.002959
hs5 77000000 77999999 0.002682
hs5 78000000 78999999 0.00253
hs5 79000000 79999999 0.003124
hs5 80000000 80999999 0.00282
hs5 81000000 81999999 0.002275
hs5 82000000 82999999 0.003172
hs5 83000000 83999999 0.002025
hs5 84000000 84999999 0.003575
hs5 85000000 85999999 0.002875
hs5 86000000 86999999 0.002222
hs5 87000000 87999999 0.001924
hs5 88000000 88999999 0.001831
hs5 89000000 89999999 0.002229
hs5 90000000 90999999 0.002261
hs5 91000000 91999999 0.002017
hs5 92000000 92999999 0.001796
hs5 93000000 93999999 0.001438
hs5 94000000 94999999 0.00237
hs5 95000000 95999999 0.002558
hs5 96000000 96999999 0.003328
hs5 97000000 97999999 0.003954
hs5 98000000 98999999 0.004313
hs5 99000000 99999999 0.005549
hs5 100000000 100999999 0.004841
hs5 101000000 101999999 0.004413
hs5 102000000 102999999 0.00342
hs5 103000000 103999999 0.004156
hs5 104000000 104999999 0.003283
hs5 105000000 105999999 0.002148
hs5 106000000 106999999 0.003381
hs5 107000000 107999999 0.002893
hs5 108000000 108999999 0.00328
hs5 109000000 109999999 0.002848
hs5 110000000 110999999 0.003624
hs5 111000000 111999999 0.003158
hs5 112000000 112999999 0.003568
hs5 113000000 113999999 0.003537
hs5 114000000 114999999 0.002975
hs5 115000000 115999999 0.003774
hs5 116000000 116999999 0.003488
hs5 117000000 117999999 0.002811
hs5 118000000 118999999 0.002661
hs5 119000000 119999999 0.003107
hs5 120000000 120999999 0.003036
hs5 121000000 121999999 0.002572
hs5 122000000 122999999 0.003118
hs5 123000000 123999999 0.002909
hs5 124000000 124999999 0.002968
hs5 125000000 125999999 0.003427
hs5 126000000 126999999 0.002343
hs5 127000000 127999999 0.002597
hs5 128000000 128999999 0.003149
hs5 129000000 129999999 0.002146
hs5 130000000 130999999 0.001944
hs5 131000000 131999999 0.002562
hs5 132000000 132999999 0.002635
hs5 133000000 133999999 0.002799
hs5 134000000 134999999 0.002275
hs5 135000000 135999999 0.002999
hs5 136000000 136999999 0.002842
hs5 137000000 137999999 0.002109
hs5 138000000 138999999 0.001756
hs5 139000000 139999999 0.00187
hs5 140000000 140999999 0.002816
hs5 141000000 141999999 0.003481
hs5 142000000 142999999 0.003056
hs5 143000000 143999999 0.003068
hs5 144000000 144999999 0.003082
hs5 145000000 145999999 0.003008
hs5 146000000 146999999 0.002865
hs5 147000000 147999999 0.003481
hs5 148000000 148999999 0.003119
hs5 149000000 149999999 0.002792
hs5 150000000 150999999 0.003517
hs5 151000000 151999999 0.003179
hs5 152000000 152999999 0.002914
hs5 153000000 153999999 0.002937
hs5 154000000 154999999 0.002865
hs5 155000000 155999999 0.002811
hs5 156000000 156999999 0.003296
hs5 157000000 157999999 0.003339
hs5 158000000 158999999 0.002447
hs5 159000000 159999999 0.003005
hs5 160000000 160999999 0.003435
hs5 161000000 161999999 0.002964
hs5 162000000 162999999 0.003139
hs5 163000000 163999999 0.002876
hs5 164000000 164999999 0.002733
hs5 165000000 165999999 0.002966
hs5 166000000 166999999 0.002503
hs5 167000000 167999999 0.002824
hs5 168000000 168999999 0.003084
hs5 169000000 169999999 0.003178
hs5 170000000 170999999 0.002643
hs5 171000000 171999999 0.003027
hs5 172000000 172999999 0.003125
hs5 173000000 173999999 0.003601
hs5 174000000 174999999 0.003433
hs5 175000000 175999999 0.003038
hs5 176000000 176999999 0.002581
hs5 177000000 177999999 0.003722
hs5 178000000 178999999 0.004594
hs5 179000000 179999999 0.003716
hs5 180000000 180999999 0.003905
hs5_random 0 999999 0.000328
hs6_random 0 999999 0.001787
hs6_random 1000000 1999999 0.001318
hs6 0 999999 0.005025
hs6 1000000 1999999 0.003947
hs6 2000000 2999999 0.003864
hs6 3000000 3999999 0.003906
hs6 4000000 4999999 0.004121
hs6 5000000 5999999 0.00368
hs6 6000000 6999999 0.004278
hs6 7000000 7999999 0.003699
hs6 8000000 8999999 0.003664
hs6 9000000 9999999 0.003519
hs6 10000000 10999999 0.004212
hs6 11000000 11999999 0.003782
hs6 12000000 12999999 0.003612
hs6 13000000 13999999 0.003492
hs6 14000000 14999999 0.003353
hs6 15000000 15999999 0.003465
hs6 16000000 16999999 0.003778
hs6 17000000 17999999 0.00298
hs6 18000000 18999999 0.003704
hs6 19000000 19999999 0.005108
hs6 20000000 20999999 0.003914
hs6 21000000 21999999 0.003092
hs6 22000000 22999999 0.004554
hs6 23000000 23999999 0.004609
hs6 24000000 24999999 0.004764
hs6 25000000 25999999 0.003921
hs6 26000000 26999999 0.004328
hs6 27000000 27999999 0.003134
hs6 28000000 28999999 0.003652
hs6 29000000 29999999 0.008551
hs6 30000000 30999999 0.008328
hs6 31000000 31999999 0.012809
hs6 32000000 32999999 0.020962
hs6 33000000 33999999 0.005867
hs6 34000000 34999999 0.00311
hs6 35000000 35999999 0.002679
hs6 36000000 36999999 0.003012
hs6 37000000 37999999 0.003493
hs6 38000000 38999999 0.003027
hs6 39000000 39999999 0.003741
hs6 40000000 40999999 0.003385
hs6 41000000 41999999 0.003074
hs6 42000000 42999999 0.003028
hs6 43000000 43999999 0.002385
hs6 44000000 44999999 0.003764
hs6 45000000 45999999 0.002923
hs6 46000000 46999999 0.002832
hs6 47000000 47999999 0.003354
hs6 48000000 48999999 0.003129
hs6 49000000 49999999 0.003059
hs6 50000000 50999999 0.00277
hs6 51000000 51999999 0.003322
hs6 52000000 52999999 0.003537
hs6 53000000 53999999 0.003401
hs6 54000000 54999999 0.003951
hs6 55000000 55999999 0.00349
hs6 56000000 56999999 0.002818
hs6 57000000 57999999 0.00728
hs6 58000000 58999999 0.006918
hs6 61000000 61999999 0.000222
hs6 62000000 62999999 0.005689
hs6 63000000 63999999 0.004852
hs6 64000000 64999999 0.003882
hs6 65000000 65999999 0.004624
hs6 66000000 66999999 0.00618
hs6 67000000 67999999 0.005586
hs6 68000000 68999999 0.003625
hs6 69000000 69999999 0.004041
hs6 70000000 70999999 0.00574
hs6 71000000 71999999 0.004564
hs6 72000000 72999999 0.003922
hs6 73000000 73999999 0.005292
hs6 74000000 74999999 0.004168
hs6 75000000 75999999 0.003346
hs6 76000000 76999999 0.002915
hs6 77000000 77999999 0.003799
hs6 78000000 78999999 0.00394
hs6 79000000 79999999 0.002943
hs6 80000000 80999999 0.003092
hs6 81000000 81999999 0.004224
hs6 82000000 82999999 0.002949
hs6 83000000 83999999 0.002676
hs6 84000000 84999999 0.002521
hs6 85000000 85999999 0.003399
hs6 86000000 86999999 0.002712
hs6 87000000 87999999 0.002832
hs6 88000000 88999999 0.00315
hs6 89000000 89999999 0.003037
hs6 90000000 90999999 0.002273
hs6 91000000 91999999 0.003354
hs6 92000000 92999999 0.003021
hs6 93000000 93999999 0.003552
hs6 94000000 94999999 0.00293
hs6 95000000 95999999 0.002822
hs6 96000000 96999999 0.005899
hs6 97000000 97999999 0.003299
hs6 98000000 98999999 0.003824
hs6 99000000 99999999 0.004175
hs6 100000000 100999999 0.005261
hs6 101000000 101999999 0.003958
hs6 102000000 102999999 0.00435
hs6 103000000 103999999 0.003738
hs6 104000000 104999999 0.004887
hs6 105000000 105999999 0.004702
hs6 106000000 106999999 0.003208
hs6 107000000 107999999 0.003603
hs6 108000000 108999999 0.003437
hs6 109000000 109999999 0.003261
hs6 110000000 110999999 0.002939
hs6 111000000 111999999 0.002905
hs6 112000000 112999999 0.002949
hs6 113000000 113999999 0.003381
hs6 114000000 114999999 0.002891
hs6 115000000 115999999 0.002906
hs6 116000000 116999999 0.002832
hs6 117000000 117999999 0.003149
hs6 118000000 118999999 0.002809
hs6 119000000 119999999 0.003111
hs6 120000000 120999999 0.003448
hs6 121000000 121999999 0.003226
hs6 122000000 122999999 0.002728
hs6 123000000 123999999 0.003409
hs6 124000000 124999999 0.003109
hs6 125000000 125999999 0.00291
hs6 126000000 126999999 0.001806
hs6 127000000 127999999 0.002404
hs6 128000000 128999999 0.002248
hs6 129000000 129999999 0.003031
hs6 130000000 130999999 0.003649
hs6 131000000 131999999 0.003159
hs6 132000000 132999999 0.003298
hs6 133000000 133999999 0.003235
hs6 134000000 134999999 0.003106
hs6 135000000 135999999 0.002582
hs6 136000000 136999999 0.002251
hs6 137000000 137999999 0.003329
hs6 138000000 138999999 0.002874
hs6 139000000 139999999 0.003241
hs6 140000000 140999999 0.002067
hs6 141000000 141999999 0.002618
hs6 142000000 142999999 0.002519
hs6 143000000 143999999 0.002978
hs6 144000000 144999999 0.002752
hs6 145000000 145999999 0.003431
hs6 146000000 146999999 0.002252
hs6 147000000 147999999 0.002646
hs6 148000000 148999999 0.00343
hs6 149000000 149999999 0.003312
hs6 150000000 150999999 0.00388
hs6 151000000 151999999 0.003653
hs6 152000000 152999999 0.003768
hs6 153000000 153999999 0.003478
hs6 154000000 154999999 0.003508
hs6 155000000 155999999 0.002991
hs6 156000000 156999999 0.00306
hs6 157000000 157999999 0.002246
hs6 158000000 158999999 0.003815
hs6 159000000 159999999 0.003888
hs6 160000000 160999999 0.004007
hs6 161000000 161999999 0.003879
hs6 162000000 162999999 0.003798
hs6 163000000 163999999 0.003339
hs6 164000000 164999999 0.003507
hs6 165000000 165999999 0.003826
hs6 166000000 166999999 0.004243
hs6 167000000 167999999 0.004912
hs6 168000000 168999999 0.00476
hs6 169000000 169999999 0.004
hs6 170000000 170999999 0.004321
hs7 0 999999 0.003401
hs7 1000000 1999999 0.003869
hs7 2000000 2999999 0.003871
hs7 3000000 3999999 0.004094
hs7 4000000 4999999 0.004241
hs7 5000000 5999999 0.003849
hs7 6000000 6999999 0.004214
hs7 7000000 7999999 0.004641
hs7 8000000 8999999 0.004104
hs7 9000000 9999999 0.004678
hs7 10000000 10999999 0.00415
hs7 11000000 11999999 0.00394
hs7 12000000 12999999 0.004818
hs7 13000000 13999999 0.004114
hs7 14000000 14999999 0.003665
hs7 15000000 15999999 0.003503
hs7 16000000 16999999 0.003872
hs7 17000000 17999999 0.0031
hs7 18000000 18999999 0.002818
hs7 19000000 19999999 0.003489
hs7 20000000 20999999 0.003055
hs7 21000000 21999999 0.003631
hs7 22000000 22999999 0.003504
hs7 23000000 23999999 0.002938
hs7 24000000 24999999 0.00327
hs7 25000000 25999999 0.003196
hs7 26000000 26999999 0.003202
hs7 27000000 27999999 0.003968
hs7 28000000 28999999 0.003013
hs7 29000000 29999999 0.003771
hs7 30000000 30999999 0.002622
hs7 31000000 31999999 0.003004
hs7 32000000 32999999 0.003966
hs7 33000000 33999999 0.002737
hs7 34000000 34999999 0.003103
hs7 35000000 35999999 0.003734
hs7 36000000 36999999 0.003217
hs7 37000000 37999999 0.002993
hs7 38000000 38999999 0.003603
hs7 39000000 39999999 0.002849
hs7 40000000 40999999 0.002277
hs7 41000000 41999999 0.002617
hs7 42000000 42999999 0.002882
hs7 43000000 43999999 0.003008
hs7 44000000 44999999 0.002442
hs7 45000000 45999999 0.003341
hs7 46000000 46999999 0.003308
hs7 47000000 47999999 0.003212
hs7 48000000 48999999 0.002952
hs7 49000000 49999999 0.003336
hs7 50000000 50999999 0.002999
hs7 51000000 51999999 0.003172
hs7 52000000 52999999 0.004198
hs7 53000000 53999999 0.003429
hs7 54000000 54999999 0.003844
hs7 55000000 55999999 0.003398
hs7 56000000 56999999 0.003301
hs7 57000000 57999999 0.004434
hs7 58000000 58999999 0.000184
hs7 61000000 61999999 0.006012
hs7 62000000 62999999 0.00435
hs7 63000000 63999999 0.003269
hs7 64000000 64999999 0.004263
hs7 65000000 65999999 0.002575
hs7 66000000 66999999 0.004844
hs7 67000000 67999999 0.003711
hs7 68000000 68999999 0.002869
hs7 69000000 69999999 0.002259
hs7 70000000 70999999 0.003663
hs7 71000000 71999999 0.003967
hs7 72000000 72999999 0.003132
hs7 73000000 73999999 0.002749
hs7 74000000 74999999 0.003024
hs7 75000000 75999999 0.003168
hs7 76000000 76999999 0.006111
hs7 77000000 77999999 0.003238
hs7 78000000 78999999 0.003544
hs7 79000000 79999999 0.003027
hs7 80000000 80999999 0.003589
hs7 81000000 81999999 0.003135
hs7 82000000 82999999 0.003769
hs7 83000000 83999999 0.003688
hs7 84000000 84999999 0.002925
hs7 85000000 85999999 0.003274
hs7 86000000 86999999 0.00268
hs7 87000000 87999999 0.002418
hs7 88000000 88999999 0.003306
hs7 89000000 89999999 0.004929
hs7 90000000 90999999 0.00308
hs7 91000000 91999999 0.002086
hs7 92000000 92999999 0.002132
hs7 93000000 93999999 0.002565
hs7 94000000 94999999 0.002452
hs7 95000000 95999999 0.002802
hs7 96000000 96999999 0.002832
hs7 97000000 97999999 0.003707
hs7 98000000 98999999 0.002424
hs7 99000000 99999999 0.002415
hs7 100000000 100999999 0.003337
hs7 101000000 101999999 0.003291
hs7 102000000 102999999 0.003254
hs7 103000000 103999999 0.003668
hs7 104000000 104999999 0.002369
hs7 105000000 105999999 0.003236
hs7 106000000 106999999 0.002372
hs7 107000000 107999999 0.002947
hs7 108000000 108999999 0.002832
hs7 109000000 109999999 0.003164
hs7 110000000 110999999 0.002263
hs7 111000000 111999999 0.002583
hs7 112000000 112999999 0.002489
hs7 113000000 113999999 0.002131
hs7 114000000 114999999 0.002228
hs7 115000000 115999999 0.002186
hs7 116000000 116999999 0.002083
hs7 117000000 117999999 0.002977
hs7 118000000 118999999 0.002556
hs7 119000000 119999999 0.001794
hs7 120000000 120999999 0.00242
hs7 121000000 121999999 0.002378
hs7 122000000 122999999 0.002833
hs7 123000000 123999999 0.002762
hs7 124000000 124999999 0.002822
hs7 125000000 125999999 0.003483
hs7 126000000 126999999 0.004585
hs7 127000000 127999999 0.002606
hs7 128000000 128999999 0.002985
hs7 129000000 129999999 0.002448
hs7 130000000 130999999 0.003248
hs7 131000000 131999999 0.00303
hs7 132000000 132999999 0.002313
hs7 133000000 133999999 0.003322
hs7 134000000 134999999 0.002902
hs7 135000000 135999999 0.002883
hs7 136000000 136999999 0.002955
hs7 137000000 137999999 0.003108
hs7 138000000 138999999 0.002775
hs7 139000000 139999999 0.002832
hs7 140000000 140999999 0.002208
hs7 141000000 141999999 0.003507
hs7 142000000 142999999 0.00319
hs7 143000000 143999999 0.002992
hs7 144000000 144999999 0.00314
hs7 145000000 145999999 0.003178
hs7 146000000 146999999 0.003617
hs7 147000000 147999999 0.003772
hs7 148000000 148999999 0.003016
hs7 149000000 149999999 0.005106
hs7 150000000 150999999 0.003249
hs7 151000000 151999999 0.003853
hs7 152000000 152999999 0.004427
hs7 153000000 153999999 0.004054
hs7 154000000 154999999 0.004126
hs7 155000000 155999999 0.003775
hs7 156000000 156999999 0.003377
hs7 157000000 157999999 0.004467
hs7 158000000 158999999 0.003057
hs7_random 0 999999 0.000755
hs8_random 0 999999 0.002746
hs8 0 999999 0.005343
hs8 1000000 1999999 0.005526
hs8 2000000 2999999 0.006195
hs8 3000000 3999999 0.00852
hs8 4000000 4999999 0.006456
hs8 5000000 5999999 0.007014
hs8 6000000 6999999 0.007073
hs8 7000000 7999999 0.005413
hs8 8000000 8999999 0.005467
hs8 9000000 9999999 0.004372
hs8 10000000 10999999 0.004519
hs8 11000000 11999999 0.004798
hs8 12000000 12999999 0.007138
hs8 13000000 13999999 0.005954
hs8 14000000 14999999 0.005177
hs8 15000000 15999999 0.004851
hs8 16000000 16999999 0.004311
hs8 17000000 17999999 0.005537
hs8 18000000 18999999 0.004998
hs8 19000000 19999999 0.004281
hs8 20000000 20999999 0.003533
hs8 21000000 21999999 0.003314
hs8 22000000 22999999 0.002801
hs8 23000000 23999999 0.00378
hs8 24000000 24999999 0.003149
hs8 25000000 25999999 0.003242
hs8 26000000 26999999 0.003575
hs8 27000000 27999999 0.003779
hs8 28000000 28999999 0.00252
hs8 29000000 29999999 0.002636
hs8 30000000 30999999 0.003112
hs8 31000000 31999999 0.003274
hs8 32000000 32999999 0.003153
hs8 33000000 33999999 0.002794
hs8 34000000 34999999 0.003016
hs8 35000000 35999999 0.002305
hs8 36000000 36999999 0.002152
hs8 37000000 37999999 0.002842
hs8 38000000 38999999 0.002406
hs8 39000000 39999999 0.002817
hs8 40000000 40999999 0.003827
hs8 41000000 41999999 0.002799
hs8 42000000 42999999 0.002482
hs8 43000000 43999999 0.00207
hs8 46000000 46999999 0.001146
hs8 47000000 47999999 0.002475
hs8 48000000 48999999 0.002234
hs8 49000000 49999999 0.002661
hs8 50000000 50999999 0.003427
hs8 51000000 51999999 0.004552
hs8 52000000 52999999 0.003908
hs8 53000000 53999999 0.002945
hs8 54000000 54999999 0.004528
hs8 55000000 55999999 0.002987
hs8 56000000 56999999 0.003417
hs8 57000000 57999999 0.003498
hs8 58000000 58999999 0.003014
hs8 59000000 59999999 0.003272
hs8 60000000 60999999 0.002744
hs8 61000000 61999999 0.002681
hs8 62000000 62999999 0.003169
hs8 63000000 63999999 0.003135
hs8 64000000 64999999 0.002301
hs8 65000000 65999999 0.002076
hs8 66000000 66999999 0.002126
hs8 67000000 67999999 0.00201
hs8 68000000 68999999 0.002019
hs8 69000000 69999999 0.002796
hs8 70000000 70999999 0.003039
hs8 71000000 71999999 0.00248
hs8 72000000 72999999 0.002843
hs8 73000000 73999999 0.003197
hs8 74000000 74999999 0.002769
hs8 75000000 75999999 0.002644
hs8 76000000 76999999 0.002745
hs8 77000000 77999999 0.002233
hs8 78000000 78999999 0.002977
hs8 79000000 79999999 0.002334
hs8 80000000 80999999 0.002238
hs8 81000000 81999999 0.002149
hs8 82000000 82999999 0.002754
hs8 83000000 83999999 0.002667
hs8 84000000 84999999 0.003254
hs8 85000000 85999999 0.002299
hs8 86000000 86999999 0.003709
hs8 87000000 87999999 0.003686
hs8 88000000 88999999 0.004375
hs8 89000000 89999999 0.00549
hs8 90000000 90999999 0.00519
hs8 91000000 91999999 0.003184
hs8 92000000 92999999 0.004913
hs8 93000000 93999999 0.002268
hs8 94000000 94999999 0.00271
hs8 95000000 95999999 0.003183
hs8 96000000 96999999 0.004161
hs8 97000000 97999999 0.002741
hs8 98000000 98999999 0.003254
hs8 99000000 99999999 0.002549
hs8 100000000 100999999 0.001511
hs8 101000000 101999999 0.002842
hs8 102000000 102999999 0.002821
hs8 103000000 103999999 0.002823
hs8 104000000 104999999 0.003052
hs8 105000000 105999999 0.002747
hs8 106000000 106999999 0.002408
hs8 107000000 107999999 0.002663
hs8 108000000 108999999 0.002985
hs8 109000000 109999999 0.002726
hs8 110000000 110999999 0.002565
hs8 111000000 111999999 0.001873
hs8 112000000 112999999 0.002565
hs8 113000000 113999999 0.002346
hs8 114000000 114999999 0.002359
hs8 115000000 115999999 0.002713
hs8 116000000 116999999 0.002726
hs8 117000000 117999999 0.002367
hs8 118000000 118999999 0.002965
hs8 119000000 119999999 0.003829
hs8 120000000 120999999 0.003081
hs8 121000000 121999999 0.002656
hs8 122000000 122999999 0.003016
hs8 123000000 123999999 0.002513
hs8 124000000 124999999 0.002862
hs8 125000000 125999999 0.002967
hs8 126000000 126999999 0.002947
hs8 127000000 127999999 0.002902
hs8 128000000 128999999 0.003272
hs8 129000000 129999999 0.003008
hs8 130000000 130999999 0.002757
hs8 131000000 131999999 0.002856
hs8 132000000 132999999 0.002882
hs8 133000000 133999999 0.002925
hs8 134000000 134999999 0.003764
hs8 135000000 135999999 0.003361
hs8 136000000 136999999 0.002707
hs8 137000000 137999999 0.003345
hs8 138000000 138999999 0.00356
hs8 139000000 139999999 0.003322
hs8 140000000 140999999 0.003313
hs8 141000000 141999999 0.002527
hs8 142000000 142999999 0.003347
hs8 143000000 143999999 0.003878
hs8 144000000 144999999 0.003342
hs8 145000000 145999999 0.00256
hs8 146000000 146999999 0.001155
hs9_random 0 999999 0.002983
hs9_random 1000000 1999999 6.7e-05
hs9 0 999999 0.009047
hs9 1000000 1999999 0.00765
hs9 2000000 2999999 0.004723
hs9 3000000 3999999 0.004717
hs9 4000000 4999999 0.007102
hs9 5000000 5999999 0.004667
hs9 6000000 6999999 0.005327
hs9 7000000 7999999 0.004914
hs9 8000000 8999999 0.004869
hs9 9000000 9999999 0.004791
hs9 10000000 10999999 0.004729
hs9 11000000 11999999 0.004936
hs9 12000000 12999999 0.00443
hs9 13000000 13999999 0.003823
hs9 14000000 14999999 0.004154
hs9 15000000 15999999 0.004118
hs9 16000000 16999999 0.004013
hs9 17000000 17999999 0.00439
hs9 18000000 18999999 0.00402
hs9 19000000 19999999 0.003552
hs9 20000000 20999999 0.002998
hs9 21000000 21999999 0.00352
hs9 22000000 22999999 0.003265
hs9 23000000 23999999 0.003327
hs9 24000000 24999999 0.002865
hs9 25000000 25999999 0.003913
hs9 26000000 26999999 0.003402
hs9 27000000 27999999 0.00429
hs9 28000000 28999999 0.003906
hs9 29000000 29999999 0.003893
hs9 30000000 30999999 0.003354
hs9 31000000 31999999 0.003775
hs9 32000000 32999999 0.003992
hs9 33000000 33999999 0.004106
hs9 34000000 34999999 0.002748
hs9 35000000 35999999 0.002436
hs9 36000000 36999999 0.003171
hs9 37000000 37999999 0.003072
hs9 38000000 38999999 0.004499
hs9 39000000 39999999 0.006296
hs9 40000000 40999999 0.006572
hs9 41000000 41999999 0.006809
hs9 42000000 42999999 0.015006
hs9 43000000 43999999 0.00683
hs9 44000000 44999999 0.006534
hs9 45000000 45999999 0.012406
hs9 46000000 46999999 0.01032
hs9 47000000 47999999 0.000411
hs9 65000000 65999999 0.003474
hs9 66000000 66999999 0.011151
hs9 67000000 67999999 0.010524
hs9 68000000 68999999 0.011012
hs9 69000000 69999999 0.010748
hs9 70000000 70999999 0.004915
hs9 71000000 71999999 0.003588
hs9 72000000 72999999 0.003284
hs9 73000000 73999999 0.003004
hs9 74000000 74999999 0.003033
hs9 75000000 75999999 0.002771
hs9 76000000 76999999 0.00287
hs9 77000000 77999999 0.003888
hs9 78000000 78999999 0.004007
hs9 79000000 79999999 0.002713
hs9 80000000 80999999 0.003439
hs9 81000000 81999999 0.002844
hs9 82000000 82999999 0.004151
hs9 83000000 83999999 0.002438
hs9 84000000 84999999 0.002505
hs9 85000000 85999999 0.003388
hs9 86000000 86999999 0.003525
hs9 87000000 87999999 0.003018
hs9 88000000 88999999 0.003081
hs9 89000000 89999999 0.004152
hs9 90000000 90999999 0.00354
hs9 91000000 91999999 0.003512
hs9 92000000 92999999 0.003629
hs9 93000000 93999999 0.003329
hs9 94000000 94999999 0.002906
hs9 95000000 95999999 0.003686
hs9 96000000 96999999 0.003837
hs9 97000000 97999999 0.003134
hs9 98000000 98999999 0.00368
hs9 99000000 99999999 0.003355
hs9 100000000 100999999 0.003522
hs9 101000000 101999999 0.00234
hs9 102000000 102999999 0.003592
hs9 103000000 103999999 0.00395
hs9 104000000 104999999 0.00405
hs9 105000000 105999999 0.003457
hs9 106000000 106999999 0.003786
hs9 107000000 107999999 0.002913
hs9 108000000 108999999 0.002524
hs9 109000000 109999999 0.003541
hs9 110000000 110999999 0.00362
hs9 111000000 111999999 0.003063
hs9 112000000 112999999 0.003673
hs9 113000000 113999999 0.003321
hs9 114000000 114999999 0.00342
hs9 115000000 115999999 0.00308
hs9 116000000 116999999 0.003563
hs9 117000000 117999999 0.003207
hs9 118000000 118999999 0.003493
hs9 119000000 119999999 0.00316
hs9 120000000 120999999 0.002965
hs9 121000000 121999999 0.002985
hs9 122000000 122999999 0.002279
hs9 123000000 123999999 0.002848
hs9 124000000 124999999 0.002495
hs9 125000000 125999999 0.002773
hs9 126000000 126999999 0.002306
hs9 127000000 127999999 0.002765
hs9 128000000 128999999 0.00281
hs9 129000000 129999999 0.002667
hs9 130000000 130999999 0.003045
hs9 131000000 131999999 0.004374
hs9 132000000 132999999 0.00335
hs9 133000000 133999999 0.002894
hs9 134000000 134999999 0.003412
hs9 135000000 135999999 0.005012
hs9 136000000 136999999 0.003408
hs9 137000000 137999999 0.003934
hs9 138000000 138999999 0.003721
hs9 139000000 139999999 0.002947
hs9 140000000 140999999 0.001492
hs10 0 999999 0.003361
hs10 1000000 1999999 0.004828
hs10 2000000 2999999 0.00473
hs10 3000000 3999999 0.004523
hs10 4000000 4999999 0.004081
hs10 5000000 5999999 0.004289
hs10 6000000 6999999 0.0049
hs10 7000000 7999999 0.004038
hs10 8000000 8999999 0.004239
hs10 9000000 9999999 0.003235
hs10 10000000 10999999 0.003869
hs10 11000000 11999999 0.003593
hs10 12000000 12999999 0.004121
hs10 13000000 13999999 0.004374
hs10 14000000 14999999 0.004393
hs10 15000000 15999999 0.00387
hs10 16000000 16999999 0.003497
hs10 17000000 17999999 0.003853
hs10 18000000 18999999 0.003779
hs10 19000000 19999999 0.005209
hs10 20000000 20999999 0.004099
hs10 21000000 21999999 0.003122
hs10 22000000 22999999 0.00267
hs10 23000000 23999999 0.00345
hs10 24000000 24999999 0.003421
hs10 25000000 25999999 0.003557
hs10 26000000 26999999 0.004413
hs10 27000000 27999999 0.004705
hs10 28000000 28999999 0.003377
hs10 29000000 29999999 0.004655
hs10 30000000 30999999 0.004453
hs10 31000000 31999999 0.003033
hs10 32000000 32999999 0.003702
hs10 33000000 33999999 0.003368
hs10 34000000 34999999 0.003245
hs10 35000000 35999999 0.002687
hs10 36000000 36999999 0.003407
hs10 37000000 37999999 0.003658
hs10 38000000 38999999 0.005142
hs10 39000000 39999999 0.002091
hs10 41000000 41999999 0.004571
hs10 42000000 42999999 0.004221
hs10 43000000 43999999 0.003515
hs10 44000000 44999999 0.003852
hs10 45000000 45999999 0.003147
hs10 46000000 46999999 0.005562
hs10 47000000 47999999 0.003361
hs10 48000000 48999999 0.00305
hs10 49000000 49999999 0.003371
hs10 50000000 50999999 0.003434
hs10 51000000 51999999 0.004081
hs10 52000000 52999999 0.003827
hs10 53000000 53999999 0.004235
hs10 54000000 54999999 0.004802
hs10 55000000 55999999 0.005126
hs10 56000000 56999999 0.003377
hs10 57000000 57999999 0.004329
hs10 58000000 58999999 0.004114
hs10 59000000 59999999 0.003748
hs10 60000000 60999999 0.002907
hs10 61000000 61999999 0.003664
hs10 62000000 62999999 0.002904
hs10 63000000 63999999 0.002885
hs10 64000000 64999999 0.003055
hs10 65000000 65999999 0.003044
hs10 66000000 66999999 0.004113
hs10 67000000 67999999 0.004206
hs10 68000000 68999999 0.003366
hs10 69000000 69999999 0.003188
hs10 70000000 70999999 0.003802
hs10 71000000 71999999 0.0037
hs10 72000000 72999999 0.003705
hs10 73000000 73999999 0.003062
hs10 74000000 74999999 0.001977
hs10 75000000 75999999 0.002309
hs10 76000000 76999999 0.002149
hs10 77000000 77999999 0.002395
hs10 78000000 78999999 0.003136
hs10 79000000 79999999 0.003192
hs10 80000000 80999999 0.00348
hs10 81000000 81999999 0.006762
hs10 82000000 82999999 0.004291
hs10 83000000 83999999 0.004378
hs10 84000000 84999999 0.003596
hs10 85000000 85999999 0.004401
hs10 86000000 86999999 0.005183
hs10 87000000 87999999 0.004342
hs10 88000000 88999999 0.003846
hs10 89000000 89999999 0.003951
hs10 90000000 90999999 0.003253
hs10 91000000 91999999 0.003788
hs10 92000000 92999999 0.003115
hs10 93000000 93999999 0.002737
hs10 94000000 94999999 0.002784
hs10 95000000 95999999 0.003536
hs10 96000000 96999999 0.002947
hs10 97000000 97999999 0.00288
hs10 98000000 98999999 0.002916
hs10 99000000 99999999 0.002917
hs10 100000000 100999999 0.003568
hs10 101000000 101999999 0.003276
hs10 102000000 102999999 0.002918
hs10 103000000 103999999 0.002028
hs10 104000000 104999999 0.002666
hs10 105000000 105999999 0.002586
hs10 106000000 106999999 0.003083
hs10 107000000 107999999 0.003245
hs10 108000000 108999999 0.003481
hs10 109000000 109999999 0.003487
hs10 110000000 110999999 0.003484
hs10 111000000 111999999 0.003067
hs10 112000000 112999999 0.002944
hs10 113000000 113999999 0.003572
hs10 114000000 114999999 0.002466
hs10 115000000 115999999 0.003418
hs10 116000000 116999999 0.003032
hs10 117000000 117999999 0.003393
hs10 118000000 118999999 0.003068
hs10 119000000 119999999 0.003172
hs10 120000000 120999999 0.003538
hs10 121000000 121999999 0.003481
hs10 122000000 122999999 0.003944
hs10 123000000 123999999 0.003935
hs10 124000000 124999999 0.003356
hs10 125000000 125999999 0.003514
hs10 126000000 126999999 0.003533
hs10 127000000 127999999 0.004206
hs10 128000000 128999999 0.003422
hs10 129000000 129999999 0.004113
hs10 130000000 130999999 0.003656
hs10 131000000 131999999 0.003264
hs10 132000000 132999999 0.004756
hs10 133000000 133999999 0.004069
hs10 134000000 134999999 0.003832
hs10 135000000 135999999 0.002293
hs10_random 0 999999 0.000248
hs11 0 999999 0.00497
hs11 1000000 1999999 0.004015
hs11 2000000 2999999 0.004596
hs11 3000000 3999999 0.006098
hs11 4000000 4999999 0.008564
hs11 5000000 5999999 0.00816
hs11 6000000 6999999 0.007094
hs11 7000000 7999999 0.008571
hs11 8000000 8999999 0.004698
hs11 9000000 9999999 0.004526
hs11 10000000 10999999 0.004176
hs11 11000000 11999999 0.004307
hs11 12000000 12999999 0.004053
hs11 13000000 13999999 0.004806
hs11 14000000 14999999 0.0041
hs11 15000000 15999999 0.002944
hs11 16000000 16999999 0.002772
hs11 17000000 17999999 0.003136
hs11 18000000 18999999 0.003685
hs11 19000000 19999999 0.003616
hs11 20000000 20999999 0.004045
hs11 21000000 21999999 0.004037
hs11 22000000 22999999 0.003468
hs11 23000000 23999999 0.004358
hs11 24000000 24999999 0.004451
hs11 25000000 25999999 0.004821
hs11 26000000 26999999 0.003926
hs11 27000000 27999999 0.002628
hs11 28000000 28999999 0.002492
hs11 29000000 29999999 0.002822
hs11 30000000 30999999 0.002822
hs11 31000000 31999999 0.002263
hs11 32000000 32999999 0.003203
hs11 33000000 33999999 0.002953
hs11 34000000 34999999 0.004049
hs11 35000000 35999999 0.003377
hs11 36000000 36999999 0.003682
hs11 37000000 37999999 0.003589
hs11 38000000 38999999 0.003557
hs11 39000000 39999999 0.003834
hs11 40000000 40999999 0.003003
hs11 41000000 41999999 0.003437
hs11 42000000 42999999 0.003199
hs11 43000000 43999999 0.00309
hs11 44000000 44999999 0.003235
hs11 45000000 45999999 0.002788
hs11 46000000 46999999 0.001758
hs11 47000000 47999999 0.00255
hs11 48000000 48999999 0.004635
hs11 49000000 49999999 0.004216
hs11 50000000 50999999 0.003569
hs11 51000000 51999999 0.004044
hs11 54000000 54999999 0.002505
hs11 55000000 55999999 0.004578
hs11 56000000 56999999 0.003872
hs11 57000000 57999999 0.003749
hs11 58000000 58999999 0.003256
hs11 59000000 59999999 0.003094
hs11 60000000 60999999 0.003228
hs11 61000000 61999999 0.003705
hs11 62000000 62999999 0.002972
hs11 63000000 63999999 0.003044
hs11 64000000 64999999 0.002685
hs11 65000000 65999999 0.002916
hs11 66000000 66999999 0.002123
hs11 67000000 67999999 0.004983
hs11 68000000 68999999 0.003346
hs11 69000000 69999999 0.003661
hs11 70000000 70999999 0.003834
hs11 71000000 71999999 0.003362
hs11 72000000 72999999 0.002197
hs11 73000000 73999999 0.003181
hs11 74000000 74999999 0.002961
hs11 75000000 75999999 0.002643
hs11 76000000 76999999 0.003389
hs11 77000000 77999999 0.003372
hs11 78000000 78999999 0.003462
hs11 79000000 79999999 0.003243
hs11 80000000 80999999 0.003554
hs11 81000000 81999999 0.003565
hs11 82000000 82999999 0.00334
hs11 83000000 83999999 0.003077
hs11 84000000 84999999 0.002403
hs11 85000000 85999999 0.003154
hs11 86000000 86999999 0.004
hs11 87000000 87999999 0.003949
hs11 88000000 88999999 0.004567
hs11 89000000 89999999 0.004369
hs11 90000000 90999999 0.003947
hs11 91000000 91999999 0.003659
hs11 92000000 92999999 0.00328
hs11 93000000 93999999 0.003934
hs11 94000000 94999999 0.003137
hs11 95000000 95999999 0.00322
hs11 96000000 96999999 0.004167
hs11 97000000 97999999 0.00453
hs11 98000000 98999999 0.005149
hs11 99000000 99999999 0.005111
hs11 100000000 100999999 0.004272
hs11 101000000 101999999 0.004087
hs11 102000000 102999999 0.004978
hs11 103000000 103999999 0.003663
hs11 104000000 104999999 0.003281
hs11 105000000 105999999 0.002857
hs11 106000000 106999999 0.003872
hs11 107000000 107999999 0.003753
hs11 108000000 108999999 0.002913
hs11 109000000 109999999 0.003108
hs11 110000000 110999999 0.003423
hs11 111000000 111999999 0.002593
hs11 112000000 112999999 0.003095
hs11 113000000 113999999 0.0033
hs11 114000000 114999999 0.003068
hs11 115000000 115999999 0.003269
hs11 116000000 116999999 0.003785
hs11 117000000 117999999 0.003729
hs11 118000000 118999999 0.003565
hs11 119000000 119999999 0.003452
hs11 120000000 120999999 0.003315
hs11 121000000 121999999 0.003133
hs11 122000000 122999999 0.003552
hs11 123000000 123999999 0.004124
hs11 124000000 124999999 0.003039
hs11 125000000 125999999 0.003772
hs11 126000000 126999999 0.003407
hs11 127000000 127999999 0.002949
hs11 128000000 128999999 0.003011
hs11 129000000 129999999 0.003122
hs11 130000000 130999999 0.003429
hs11 131000000 131999999 0.00322
hs11 132000000 132999999 0.002851
hs11 133000000 133999999 0.003141
hs11 134000000 134999999 0.002066
hs11_random 0 999999 0.000263
hs12 0 999999 0.003901
hs12 1000000 1999999 0.003319
hs12 2000000 2999999 0.003267
hs12 3000000 3999999 0.003885
hs12 4000000 4999999 0.00359
hs12 5000000 5999999 0.00365
hs12 6000000 6999999 0.003609
hs12 7000000 7999999 0.003987
hs12 8000000 8999999 0.004453
hs12 9000000 9999999 0.005048
hs12 10000000 10999999 0.004851
hs12 11000000 11999999 0.005155
hs12 12000000 12999999 0.003433
hs12 13000000 13999999 0.004245
hs12 14000000 14999999 0.003239
hs12 15000000 15999999 0.002734
hs12 16000000 16999999 0.003189
hs12 17000000 17999999 0.003998
hs12 18000000 18999999 0.003255
hs12 19000000 19999999 0.004004
hs12 20000000 20999999 0.004135
hs12 21000000 21999999 0.004554
hs12 22000000 22999999 0.003162
hs12 23000000 23999999 0.002889
hs12 24000000 24999999 0.003596
hs12 25000000 25999999 0.003922
hs12 26000000 26999999 0.003327
hs12 27000000 27999999 0.003331
hs12 28000000 28999999 0.00319
hs12 29000000 29999999 0.003973
hs12 30000000 30999999 0.004522
hs12 31000000 31999999 0.004728
hs12 32000000 32999999 0.00432
hs12 33000000 33999999 0.003619
hs12 34000000 34999999 0.002672
hs12 36000000 36999999 0.004824
hs12 37000000 37999999 0.004916
hs12 38000000 38999999 0.005871
hs12 39000000 39999999 0.004863
hs12 40000000 40999999 0.00583
hs12 41000000 41999999 0.004175
hs12 42000000 42999999 0.005488
hs12 43000000 43999999 0.004234
hs12 44000000 44999999 0.00295
hs12 45000000 45999999 0.003123
hs12 46000000 46999999 0.003706
hs12 47000000 47999999 0.002854
hs12 48000000 48999999 0.0024
hs12 49000000 49999999 0.00301
hs12 50000000 50999999 0.003134
hs12 51000000 51999999 0.004065
hs12 52000000 52999999 0.002918
hs12 53000000 53999999 0.003445
hs12 54000000 54999999 0.002699
hs12 55000000 55999999 0.002734
hs12 56000000 56999999 0.002812
hs12 57000000 57999999 0.003169
hs12 58000000 58999999 0.002816
hs12 59000000 59999999 0.00307
hs12 60000000 60999999 0.003239
hs12 61000000 61999999 0.003272
hs12 62000000 62999999 0.003788
hs12 63000000 63999999 0.002602
hs12 64000000 64999999 0.002557
hs12 65000000 65999999 0.003389
hs12 66000000 66999999 0.003313
hs12 67000000 67999999 0.00306
hs12 68000000 68999999 0.003418
hs12 69000000 69999999 0.00338
hs12 70000000 70999999 0.002991
hs12 71000000 71999999 0.002788
hs12 72000000 72999999 0.002815
hs12 73000000 73999999 0.00313
hs12 74000000 74999999 0.00233
hs12 75000000 75999999 0.002781
hs12 76000000 76999999 0.00451
hs12 77000000 77999999 0.003393
hs12 78000000 78999999 0.002494
hs12 79000000 79999999 0.00419
hs12 80000000 80999999 0.003121
hs12 81000000 81999999 0.003113
hs12 82000000 82999999 0.003951
hs12 83000000 83999999 0.003179
hs12 84000000 84999999 0.00301
hs12 85000000 85999999 0.002774
hs12 86000000 86999999 0.002799
hs12 87000000 87999999 0.002147
hs12 88000000 88999999 0.002306
hs12 89000000 89999999 0.003177
hs12 90000000 90999999 0.003037
hs12 91000000 91999999 0.003118
hs12 92000000 92999999 0.003324
hs12 93000000 93999999 0.003431
hs12 94000000 94999999 0.003774
hs12 95000000 95999999 0.002904
hs12 96000000 96999999 0.003058
hs12 97000000 97999999 0.00277
hs12 98000000 98999999 0.002839
hs12 99000000 99999999 0.002662
hs12 100000000 100999999 0.003103
hs12 101000000 101999999 0.002786
hs12 102000000 102999999 0.003422
hs12 103000000 103999999 0.003372
hs12 104000000 104999999 0.003413
hs12 105000000 105999999 0.002472
hs12 106000000 106999999 0.003189
hs12 107000000 107999999 0.002732
hs12 108000000 108999999 0.002731
hs12 109000000 109999999 0.001784
hs12 110000000 110999999 0.002094
hs12 111000000 111999999 0.002332
hs12 112000000 112999999 0.003262
hs12 113000000 113999999 0.003557
hs12 114000000 114999999 0.003438
hs12 115000000 115999999 0.002788
hs12 116000000 116999999 0.003809
hs12 117000000 117999999 0.003007
hs12 118000000 118999999 0.002926
hs12 119000000 119999999 0.003085
hs12 120000000 120999999 0.002994
hs12 121000000 121999999 0.002414
hs12 122000000 122999999 0.002695
hs12 123000000 123999999 0.003791
hs12 124000000 124999999 0.003507
hs12 125000000 125999999 0.00382
hs12 126000000 126999999 0.004366
hs12 127000000 127999999 0.004365
hs12 128000000 128999999 0.00422
hs12 129000000 129999999 0.004768
hs12 130000000 130999999 0.004524
hs12 131000000 131999999 0.003732
hs12 132000000 132999999 0.00092
hs13_random 0 999999 0.000333
hs13 17000000 17999999 0.001178
hs13 18000000 18999999 0.007841
hs13 19000000 19999999 0.004289
hs13 20000000 20999999 0.003853
hs13 21000000 21999999 0.004563
hs13 22000000 22999999 0.005147
hs13 23000000 23999999 0.005066
hs13 24000000 24999999 0.004815
hs13 25000000 25999999 0.004329
hs13 26000000 26999999 0.003681
hs13 27000000 27999999 0.003427
hs13 28000000 28999999 0.004553
hs13 29000000 29999999 0.005883
hs13 30000000 30999999 0.004661
hs13 31000000 31999999 0.003528
hs13 32000000 32999999 0.003393
hs13 33000000 33999999 0.004648
hs13 34000000 34999999 0.002611
hs13 35000000 35999999 0.004372
hs13 36000000 36999999 0.003719
hs13 37000000 37999999 0.004043
hs13 38000000 38999999 0.004034
hs13 39000000 39999999 0.003826
hs13 40000000 40999999 0.003235
hs13 41000000 41999999 0.003482
hs13 42000000 42999999 0.003384
hs13 43000000 43999999 0.003283
hs13 44000000 44999999 0.002591
hs13 45000000 45999999 0.003678
hs13 46000000 46999999 0.003268
hs13 47000000 47999999 0.003506
hs13 48000000 48999999 0.002586
hs13 49000000 49999999 0.0031
hs13 50000000 50999999 0.002895
hs13 51000000 51999999 0.002437
hs13 52000000 52999999 0.003248
hs13 53000000 53999999 0.002887
hs13 54000000 54999999 0.003204
hs13 55000000 55999999 0.003001
hs13 56000000 56999999 0.00248
hs13 57000000 57999999 0.002579
hs13 58000000 58999999 0.003488
hs13 59000000 59999999 0.002557
hs13 60000000 60999999 0.003725
hs13 61000000 61999999 0.003303
hs13 62000000 62999999 0.003464
hs13 63000000 63999999 0.004133
hs13 64000000 64999999 0.002711
hs13 65000000 65999999 0.002695
hs13 66000000 66999999 0.002897
hs13 67000000 67999999 0.002482
hs13 68000000 68999999 0.003834
hs13 69000000 69999999 0.003753
hs13 70000000 70999999 0.003233
hs13 71000000 71999999 0.003029
hs13 72000000 72999999 0.003258
hs13 73000000 73999999 0.003201
hs13 74000000 74999999 0.003174
hs13 75000000 75999999 0.003728
hs13 76000000 76999999 0.002743
hs13 77000000 77999999 0.003417
hs13 78000000 78999999 0.003373
hs13 79000000 79999999 0.00285
hs13 80000000 80999999 0.003273
hs13 81000000 81999999 0.00314
hs13 82000000 82999999 0.003307
hs13 83000000 83999999 0.003141
hs13 84000000 84999999 0.004102
hs13 85000000 85999999 0.00399
hs13 86000000 86999999 0.00281
hs13 87000000 87999999 0.002791
hs13 88000000 88999999 0.003252
hs13 89000000 89999999 0.004044
hs13 90000000 90999999 0.003342
hs13 91000000 91999999 0.003731
hs13 92000000 92999999 0.004209
hs13 93000000 93999999 0.003166
hs13 94000000 94999999 0.00429
hs13 95000000 95999999 0.00266
hs13 96000000 96999999 0.002333
hs13 97000000 97999999 0.003974
hs13 98000000 98999999 0.003477
hs13 99000000 99999999 0.003121
hs13 100000000 100999999 0.003885
hs13 101000000 101999999 0.003226
hs13 102000000 102999999 0.003928
hs13 103000000 103999999 0.004092
hs13 104000000 104999999 0.003898
hs13 105000000 105999999 0.003804
hs13 106000000 106999999 0.003563
hs13 107000000 107999999 0.003904
hs13 108000000 108999999 0.004107
hs13 109000000 109999999 0.004278
hs13 110000000 110999999 0.004046
hs13 111000000 111999999 0.003162
hs13 112000000 112999999 0.004428
hs13 113000000 113999999 0.003466
hs13 114000000 114999999 0.000573
hs14 18000000 18999999 0.009025
hs14 19000000 19999999 0.00813
hs14 20000000 20999999 0.004435
hs14 21000000 21999999 0.005187
hs14 22000000 22999999 0.00389
hs14 23000000 23999999 0.0056
hs14 24000000 24999999 0.006247
hs14 25000000 25999999 0.004171
hs14 26000000 26999999 0.004269
hs14 27000000 27999999 0.00387
hs14 28000000 28999999 0.002447
hs14 29000000 29999999 0.003707
hs14 30000000 30999999 0.003648
hs14 31000000 31999999 0.003302
hs14 32000000 32999999 0.003728
hs14 33000000 33999999 0.003453
hs14 34000000 34999999 0.003111
hs14 35000000 35999999 0.002598
hs14 36000000 36999999 0.003287
hs14 37000000 37999999 0.002753
hs14 38000000 38999999 0.002867
hs14 39000000 39999999 0.003188
hs14 40000000 40999999 0.003864
hs14 41000000 41999999 0.002868
hs14 42000000 42999999 0.002885
hs14 43000000 43999999 0.002641
hs14 44000000 44999999 0.002094
hs14 45000000 45999999 0.003062
hs14 46000000 46999999 0.002801
hs14 47000000 47999999 0.003276
hs14 48000000 48999999 0.002658
hs14 49000000 49999999 0.002695
hs14 50000000 50999999 0.002975
hs14 51000000 51999999 0.003869
hs14 52000000 52999999 0.002455
hs14 53000000 53999999 0.002631
hs14 54000000 54999999 0.002441
hs14 55000000 55999999 0.003437
hs14 56000000 56999999 0.003031
hs14 57000000 57999999 0.002743
hs14 58000000 58999999 0.003247
hs14 59000000 59999999 0.002279
hs14 60000000 60999999 0.002337
hs14 61000000 61999999 0.00307
hs14 62000000 62999999 0.002945
hs14 63000000 63999999 0.002521
hs14 64000000 64999999 0.002737
hs14 65000000 65999999 0.002115
hs14 66000000 66999999 0.001951
hs14 67000000 67999999 0.002816
hs14 68000000 68999999 0.002842
hs14 69000000 69999999 0.002676
hs14 70000000 70999999 0.00252
hs14 71000000 71999999 0.002862
hs14 72000000 72999999 0.002825
hs14 73000000 73999999 0.00299
hs14 74000000 74999999 0.002558
hs14 75000000 75999999 0.002589
hs14 76000000 76999999 0.003315
hs14 77000000 77999999 0.003479
hs14 78000000 78999999 0.002473
hs14 79000000 79999999 0.00258
hs14 80000000 80999999 0.002757
hs14 81000000 81999999 0.002681
hs14 82000000 82999999 0.002884
hs14 83000000 83999999 0.002986
hs14 84000000 84999999 0.002837
hs14 85000000 85999999 0.003463
hs14 86000000 86999999 0.002564
hs14 87000000 87999999 0.003063
hs14 88000000 88999999 0.002775
hs14 89000000 89999999 0.003448
hs14 90000000 90999999 0.002818
hs14 91000000 91999999 0.003413
hs14 92000000 92999999 0.00306
hs14 93000000 93999999 0.003218
hs14 94000000 94999999 0.003671
hs14 95000000 95999999 0.003561
hs14 96000000 96999999 0.002685
hs14 97000000 97999999 0.00378
hs14 98000000 98999999 0.003838
hs14 99000000 99999999 0.002707
hs14 100000000 100999999 0.002917
hs14 101000000 101999999 0.002537
hs14 102000000 102999999 0.003309
hs14 103000000 103999999 0.003158
hs14 104000000 104999999 0.003108
hs14 105000000 105999999 0.005347
hs14 106000000 106999999 0.002499
hs15 18000000 18999999 0.006472
hs15 19000000 19999999 0.00773
hs15 20000000 20999999 0.004609
hs15 21000000 21999999 0.004362
hs15 22000000 22999999 0.005139
hs15 23000000 23999999 0.003826
hs15 24000000 24999999 0.003104
hs15 25000000 25999999 0.002967
hs15 26000000 26999999 0.00375
hs15 27000000 27999999 0.003148
hs15 28000000 28999999 0.005638
hs15 29000000 29999999 0.003715
hs15 30000000 30999999 0.004395
hs15 31000000 31999999 0.004305
hs15 32000000 32999999 0.004006
hs15 33000000 33999999 0.002664
hs15 34000000 34999999 0.003483
hs15 35000000 35999999 0.003641
hs15 36000000 36999999 0.003186
hs15 37000000 37999999 0.003937
hs15 38000000 38999999 0.002905
hs15 39000000 39999999 0.002386
hs15 40000000 40999999 0.00272
hs15 41000000 41999999 0.002462
hs15 42000000 42999999 0.002653
hs15 43000000 43999999 0.003234
hs15 44000000 44999999 0.003163
hs15 45000000 45999999 0.003204
hs15 46000000 46999999 0.002555
hs15 47000000 47999999 0.00265
hs15 48000000 48999999 0.003311
hs15 49000000 49999999 0.003172
hs15 50000000 50999999 0.003048
hs15 51000000 51999999 0.00389
hs15 52000000 52999999 0.004177
hs15 53000000 53999999 0.003389
hs15 54000000 54999999 0.002816
hs15 55000000 55999999 0.003837
hs15 56000000 56999999 0.003669
hs15 57000000 57999999 0.003259
hs15 58000000 58999999 0.003219
hs15 59000000 59999999 0.003272
hs15 60000000 60999999 0.003193
hs15 61000000 61999999 0.002899
hs15 62000000 62999999 0.002271
hs15 63000000 63999999 0.002172
hs15 64000000 64999999 0.00323
hs15 65000000 65999999 0.002836
hs15 66000000 66999999 0.002882
hs15 67000000 67999999 0.0028
hs15 68000000 68999999 0.002836
hs15 69000000 69999999 0.002841
hs15 70000000 70999999 0.002473
hs15 71000000 71999999 0.002348
hs15 72000000 72999999 0.002721
hs15 73000000 73999999 0.002558
hs15 74000000 74999999 0.002364
hs15 75000000 75999999 0.002432
hs15 76000000 76999999 0.003514
hs15 77000000 77999999 0.003722
hs15 78000000 78999999 0.002901
hs15 79000000 79999999 0.002624
hs15 80000000 80999999 0.004361
hs15 81000000 81999999 0.001942
hs15 82000000 82999999 0.003413
hs15 83000000 83999999 0.003587
hs15 84000000 84999999 0.003747
hs15 85000000 85999999 0.003665
hs15 86000000 86999999 0.002732
hs15 87000000 87999999 0.003256
hs15 88000000 88999999 0.003499
hs15 89000000 89999999 0.003611
hs15 90000000 90999999 0.003482
hs15 91000000 91999999 0.004288
hs15 92000000 92999999 0.0033
hs15 93000000 93999999 0.0031
hs15 94000000 94999999 0.002758
hs15 95000000 95999999 0.002993
hs15 96000000 96999999 0.003839
hs15 97000000 97999999 0.003228
hs15 98000000 98999999 0.004592
hs15 99000000 99999999 0.004007
hs15 100000000 100999999 0.001597
hs15_random 0 999999 0.002499
hs16 0 999999 0.004635
hs16 1000000 1999999 0.004457
hs16 2000000 2999999 0.003209
hs16 3000000 3999999 0.003223
hs16 4000000 4999999 0.003531
hs16 5000000 5999999 0.005487
hs16 6000000 6999999 0.00599
hs16 7000000 7999999 0.005628
hs16 8000000 8999999 0.005314
hs16 9000000 9999999 0.004185
hs16 10000000 10999999 0.004481
hs16 11000000 11999999 0.004327
hs16 12000000 12999999 0.0048
hs16 13000000 13999999 0.00406
hs16 14000000 14999999 0.002694
hs16 15000000 15999999 0.003476
hs16 16000000 16999999 0.004916
hs16 17000000 17999999 0.003043
hs16 18000000 18999999 0.004143
hs16 19000000 19999999 0.003127
hs16 20000000 20999999 0.003302
hs16 21000000 21999999 0.004066
hs16 22000000 22999999 0.003208
hs16 23000000 23999999 0.00291
hs16 24000000 24999999 0.003084
hs16 25000000 25999999 0.003295
hs16 26000000 26999999 0.003458
hs16 27000000 27999999 0.00287
hs16 28000000 28999999 0.003658
hs16 29000000 29999999 0.004253
hs16 30000000 30999999 0.001836
hs16 31000000 31999999 0.002857
hs16 32000000 32999999 0.008604
hs16 33000000 33999999 0.006867
hs16 34000000 34999999 0.001743
hs16 35000000 35999999 0.000245
hs16 44000000 44999999 0.012299
hs16 45000000 45999999 0.002106
hs16 46000000 46999999 0.002036
hs16 47000000 47999999 0.003135
hs16 48000000 48999999 0.002765
hs16 49000000 49999999 0.002945
hs16 50000000 50999999 0.003043
hs16 51000000 51999999 0.003206
hs16 52000000 52999999 0.003122
hs16 53000000 53999999 0.003299
hs16 54000000 54999999 0.004078
hs16 55000000 55999999 0.003096
hs16 56000000 56999999 0.003162
hs16 57000000 57999999 0.003618
hs16 58000000 58999999 0.003287
hs16 59000000 59999999 0.002786
hs16 60000000 60999999 0.002669
hs16 61000000 61999999 0.002869
hs16 62000000 62999999 0.002617
hs16 63000000 63999999 0.002783
hs16 64000000 64999999 0.003004
hs16 65000000 65999999 0.001963
hs16 66000000 66999999 0.001688
hs16 67000000 67999999 0.0025
hs16 68000000 68999999 0.003527
hs16 69000000 69999999 0.004915
hs16 70000000 70999999 0.002607
hs16 71000000 71999999 0.002491
hs16 72000000 72999999 0.003217
hs16 73000000 73999999 0.003581
hs16 74000000 74999999 0.003321
hs16 75000000 75999999 0.004308
hs16 76000000 76999999 0.005227
hs16 77000000 77999999 0.005973
hs16 78000000 78999999 0.004336
hs16 79000000 79999999 0.00499
hs16 80000000 80999999 0.004781
hs16 81000000 81999999 0.005279
hs16 82000000 82999999 0.005431
hs16 83000000 83999999 0.005008
hs16 84000000 84999999 0.004684
hs16 85000000 85999999 0.004445
hs16 86000000 86999999 0.004497
hs16 87000000 87999999 0.003991
hs16 88000000 88999999 0.004046
hs16_random 0 999999 0.000162
hs17 0 999999 0.004455
hs17 1000000 1999999 0.003584
hs17 2000000 2999999 0.003056
hs17 3000000 3999999 0.004415
hs17 4000000 4999999 0.003281
hs17 5000000 5999999 0.0037
hs17 6000000 6999999 0.003617
hs17 7000000 7999999 0.002889
hs17 8000000 8999999 0.002906
hs17 9000000 9999999 0.003628
hs17 10000000 10999999 0.003162
hs17 11000000 11999999 0.003097
hs17 12000000 12999999 0.003456
hs17 13000000 13999999 0.003585
hs17 14000000 14999999 0.004174
hs17 15000000 15999999 0.003912
hs17 16000000 16999999 0.003675
hs17 17000000 17999999 0.002473
hs17 18000000 18999999 0.003946
hs17 19000000 19999999 0.002306
hs17 20000000 20999999 0.003986
hs17 21000000 21999999 0.004701
hs17 22000000 22999999 0.006448
hs17 23000000 23999999 0.002278
hs17 24000000 24999999 0.002022
hs17 25000000 25999999 0.00209
hs17 26000000 26999999 0.003273
hs17 27000000 27999999 0.002933
hs17 28000000 28999999 0.00319
hs17 29000000 29999999 0.003763
hs17 30000000 30999999 0.002924
hs17 31000000 31999999 0.003508
hs17 32000000 32999999 0.002711
hs17 33000000 33999999 0.003763
hs17 34000000 34999999 0.002643
hs17 35000000 35999999 0.002416
hs17 36000000 36999999 0.003912
hs17 37000000 37999999 0.002407
hs17 38000000 38999999 0.002547
hs17 39000000 39999999 0.002676
hs17 40000000 40999999 0.002949
hs17 41000000 41999999 0.004318
hs17 42000000 42999999 0.003009
hs17 43000000 43999999 0.002616
hs17 44000000 44999999 0.002868
hs17 45000000 45999999 0.002406
hs17 46000000 46999999 0.002653
hs17 47000000 47999999 0.002726
hs17 48000000 48999999 0.003082
hs17 49000000 49999999 0.002564
hs17 50000000 50999999 0.003297
hs17 51000000 51999999 0.002877
hs17 52000000 52999999 0.002761
hs17 53000000 53999999 0.002641
hs17 54000000 54999999 0.001968
hs17 55000000 55999999 0.002247
hs17 56000000 56999999 0.002135
hs17 57000000 57999999 0.002802
hs17 58000000 58999999 0.001965
hs17 59000000 59999999 0.002714
hs17 60000000 60999999 0.003078
hs17 61000000 61999999 0.003619
hs17 62000000 62999999 0.002742
hs17 63000000 63999999 0.002623
hs17 64000000 64999999 0.002765
hs17 65000000 65999999 0.002873
hs17 66000000 66999999 0.003354
hs17 67000000 67999999 0.0028
hs17 68000000 68999999 0.003524
hs17 69000000 69999999 0.003423
hs17 70000000 70999999 0.002897
hs17 71000000 71999999 0.002821
hs17 72000000 72999999 0.003666
hs17 73000000 73999999 0.003414
hs17 74000000 74999999 0.003685
hs17 75000000 75999999 0.002692
hs17 76000000 76999999 0.003685
hs17 77000000 77999999 0.002662
hs17 78000000 78999999 0.002558
hs17_random 0 999999 0.001779
hs17_random 1000000 1999999 0.004428
hs17_random 2000000 2999999 0.000264
hs18 0 999999 0.00488
hs18 1000000 1999999 0.003502
hs18 2000000 2999999 0.004004
hs18 3000000 3999999 0.003872
hs18 4000000 4999999 0.003517
hs18 5000000 5999999 0.003455
hs18 6000000 6999999 0.003684
hs18 7000000 7999999 0.003357
hs18 8000000 8999999 0.003855
hs18 9000000 9999999 0.003295
hs18 10000000 10999999 0.00451
hs18 11000000 11999999 0.003942
hs18 12000000 12999999 0.003482
hs18 13000000 13999999 0.003391
hs18 14000000 14999999 0.005816
hs18 15000000 15999999 0.003484
hs18 16000000 16999999 0.000693
hs18 17000000 17999999 0.002277
hs18 18000000 18999999 0.003191
hs18 19000000 19999999 0.002735
hs18 20000000 20999999 0.003839
hs18 21000000 21999999 0.00297
hs18 22000000 22999999 0.003691
hs18 23000000 23999999 0.003903
hs18 24000000 24999999 0.003851
hs18 25000000 25999999 0.003065
hs18 26000000 26999999 0.003278
hs18 27000000 27999999 0.003357
hs18 28000000 28999999 0.002972
hs18 29000000 29999999 0.002419
hs18 30000000 30999999 0.002667
hs18 31000000 31999999 0.002587
hs18 32000000 32999999 0.002664
hs18 33000000 33999999 0.002646
hs18 34000000 34999999 0.002757
hs18 35000000 35999999 0.002411
hs18 36000000 36999999 0.003197
hs18 37000000 37999999 0.002831
hs18 38000000 38999999 0.002914
hs18 39000000 39999999 0.00277
hs18 40000000 40999999 0.002177
hs18 41000000 41999999 0.003394
hs18 42000000 42999999 0.002579
hs18 43000000 43999999 0.002907
hs18 44000000 44999999 0.002828
hs18 45000000 45999999 0.003376
hs18 46000000 46999999 0.002927
hs18 47000000 47999999 0.003021
hs18 48000000 48999999 0.003795
hs18 49000000 49999999 0.003354
hs18 50000000 50999999 0.002888
hs18 51000000 51999999 0.00233
hs18 52000000 52999999 0.002879
hs18 53000000 53999999 0.003851
hs18 54000000 54999999 0.003389
hs18 55000000 55999999 0.00399
hs18 56000000 56999999 0.003014
hs18 57000000 57999999 0.003244
hs18 58000000 58999999 0.002767
hs18 59000000 59999999 0.003593
hs18 60000000 60999999 0.003531
hs18 61000000 61999999 0.003723
hs18 62000000 62999999 0.002839
hs18 63000000 63999999 0.003865
hs18 64000000 64999999 0.003612
hs18 65000000 65999999 0.003376
hs18 66000000 66999999 0.003523
hs18 67000000 67999999 0.003635
hs18 68000000 68999999 0.003907
hs18 69000000 69999999 0.003878
hs18 70000000 70999999 0.003234
hs18 71000000 71999999 0.003996
hs18 72000000 72999999 0.003727
hs18 73000000 73999999 0.004256
hs18 74000000 74999999 0.004146
hs18 75000000 75999999 0.003707
hs18 76000000 76999999 0.000297
hs19_random 0 999999 0.000504
hs19 0 999999 0.006103
hs19 1000000 1999999 0.003121
hs19 2000000 2999999 0.003638
hs19 3000000 3999999 0.003415
hs19 4000000 4999999 0.003539
hs19 5000000 5999999 0.003109
hs19 6000000 6999999 0.004072
hs19 7000000 7999999 0.00389
hs19 8000000 8999999 0.004266
hs19 9000000 9999999 0.00312
hs19 10000000 10999999 0.002619
hs19 11000000 11999999 0.003328
hs19 12000000 12999999 0.002788
hs19 13000000 13999999 0.003043
hs19 14000000 14999999 0.003501
hs19 15000000 15999999 0.003983
hs19 16000000 16999999 0.002878
hs19 17000000 17999999 0.003215
hs19 18000000 18999999 0.002919
hs19 19000000 19999999 0.002401
hs19 20000000 20999999 0.00467
hs19 21000000 21999999 0.004023
hs19 22000000 22999999 0.004073
hs19 23000000 23999999 0.003965
hs19 24000000 24999999 0.002078
hs19 32000000 32999999 0.002277
hs19 33000000 33999999 0.003702
hs19 34000000 34999999 0.003849
hs19 35000000 35999999 0.002764
hs19 36000000 36999999 0.002528
hs19 37000000 37999999 0.002835
hs19 38000000 38999999 0.003202
hs19 39000000 39999999 0.002855
hs19 40000000 40999999 0.003227
hs19 41000000 41999999 0.002983
hs19 42000000 42999999 0.002719
hs19 43000000 43999999 0.002755
hs19 44000000 44999999 0.003291
hs19 45000000 45999999 0.002751
hs19 46000000 46999999 0.003463
hs19 47000000 47999999 0.001937
hs19 48000000 48999999 0.004777
hs19 49000000 49999999 0.003583
hs19 50000000 50999999 0.00336
hs19 51000000 51999999 0.003003
hs19 52000000 52999999 0.002574
hs19 53000000 53999999 0.004339
hs19 54000000 54999999 0.003485
hs19 55000000 55999999 0.003848
hs19 56000000 56999999 0.004284
hs19 57000000 57999999 0.004277
hs19 58000000 58999999 0.005264
hs19 59000000 59999999 0.004897
hs19 60000000 60999999 0.004093
hs19 61000000 61999999 0.004009
hs19 62000000 62999999 0.003096
hs19 63000000 63999999 0.00262
hs20 0 999999 0.00517
hs20 1000000 1999999 0.004368
hs20 2000000 2999999 0.004537
hs20 3000000 3999999 0.004561
hs20 4000000 4999999 0.005187
hs20 5000000 5999999 0.004914
hs20 6000000 6999999 0.004826
hs20 7000000 7999999 0.004435
hs20 8000000 8999999 0.004567
hs20 9000000 9999999 0.0042
hs20 10000000 10999999 0.004172
hs20 11000000 11999999 0.004351
hs20 12000000 12999999 0.004816
hs20 13000000 13999999 0.003861
hs20 14000000 14999999 0.003727
hs20 15000000 15999999 0.004767
hs20 16000000 16999999 0.004807
hs20 17000000 17999999 0.004495
hs20 18000000 18999999 0.004507
hs20 19000000 19999999 0.004623
hs20 20000000 20999999 0.003552
hs20 21000000 21999999 0.003274
hs20 22000000 22999999 0.004306
hs20 23000000 23999999 0.005238
hs20 24000000 24999999 0.004511
hs20 25000000 25999999 0.005116
hs20 26000000 26999999 0.00156
hs20 28000000 28999999 0.004238
hs20 29000000 29999999 0.002556
hs20 30000000 30999999 0.003366
hs20 31000000 31999999 0.003649
hs20 32000000 32999999 0.002929
hs20 33000000 33999999 0.003523
hs20 34000000 34999999 0.002944
hs20 35000000 35999999 0.003922
hs20 36000000 36999999 0.003807
hs20 37000000 37999999 0.00387
hs20 38000000 38999999 0.003916
hs20 39000000 39999999 0.003249
hs20 40000000 40999999 0.004335
hs20 41000000 41999999 0.00397
hs20 42000000 42999999 0.0037
hs20 43000000 43999999 0.00498
hs20 44000000 44999999 0.004
hs20 45000000 45999999 0.004544
hs20 46000000 46999999 0.004616
hs20 47000000 47999999 0.004017
hs20 48000000 48999999 0.004044
hs20 49000000 49999999 0.004415
hs20 50000000 50999999 0.004136
hs20 51000000 51999999 0.004389
hs20 52000000 52999999 0.005235
hs20 53000000 53999999 0.005255
hs20 54000000 54999999 0.004404
hs20 55000000 55999999 0.00485
hs20 56000000 56999999 0.003842
hs20 57000000 57999999 0.004117
hs20 58000000 58999999 0.00467
hs20 59000000 59999999 0.004938
hs20 60000000 60999999 0.004266
hs20 61000000 61999999 0.004777
hs20 62000000 62999999 0.001976
hs21 9000000 9999999 0.00383
hs21 10000000 10999999 0.006399
hs21 13000000 13999999 0.007603
hs21 14000000 14999999 0.006543
hs21 15000000 15999999 0.003377
hs21 16000000 16999999 0.003151
hs21 17000000 17999999 0.003978
hs21 18000000 18999999 0.003681
hs21 19000000 19999999 0.004113
hs21 20000000 20999999 0.004203
hs21 21000000 21999999 0.00368
hs21 22000000 22999999 0.003595
hs21 23000000 23999999 0.003603
hs21 24000000 24999999 0.004119
hs21 25000000 25999999 0.002827
hs21 26000000 26999999 0.003494
hs21 27000000 27999999 0.004016
hs21 28000000 28999999 0.004185
hs21 29000000 29999999 0.00311
hs21 30000000 30999999 0.003184
hs21 31000000 31999999 0.003214
hs21 32000000 32999999 0.002882
hs21 33000000 33999999 0.003025
hs21 34000000 34999999 0.002978
hs21 35000000 35999999 0.003025
hs21 36000000 36999999 0.003135
hs21 37000000 37999999 0.003139
hs21 38000000 38999999 0.003016
hs21 39000000 39999999 0.003485
hs21 40000000 40999999 0.003889
hs21 41000000 41999999 0.003396
hs21 42000000 42999999 0.004062
hs21 43000000 43999999 0.003663
hs21 44000000 44999999 0.003869
hs21 45000000 45999999 0.003738
hs21 46000000 46999999 0.004128
hs21_random 0 999999 0.009401
hs21_random 1000000 1999999 0.005323
hs22_random 0 999999 0.000511
hs22 14000000 14999999 0.007896
hs22 15000000 15999999 0.007155
hs22 16000000 16999999 0.004971
hs22 17000000 17999999 0.007647
hs22 18000000 18999999 0.005009
hs22 19000000 19999999 0.00743
hs22 20000000 20999999 0.006085
hs22 21000000 21999999 0.005486
hs22 22000000 22999999 0.005455
hs22 23000000 23999999 0.004786
hs22 24000000 24999999 0.004451
hs22 25000000 25999999 0.004755
hs22 26000000 26999999 0.003955
hs22 27000000 27999999 0.003158
hs22 28000000 28999999 0.003392
hs22 29000000 29999999 0.003577
hs22 30000000 30999999 0.003291
hs22 31000000 31999999 0.004643
hs22 32000000 32999999 0.0044
hs22 33000000 33999999 0.004937
hs22 34000000 34999999 0.00396
hs22 35000000 35999999 0.00459
hs22 36000000 36999999 0.003735
hs22 37000000 37999999 0.003848
hs22 38000000 38999999 0.002991
hs22 39000000 39999999 0.003137
hs22 40000000 40999999 0.003576
hs22 41000000 41999999 0.005007
hs22 42000000 42999999 0.004245
hs22 43000000 43999999 0.004952
hs22 44000000 44999999 0.004058
hs22 45000000 45999999 0.00499
hs22 46000000 46999999 0.004764
hs22 47000000 47999999 0.006644
hs22 48000000 48999999 0.005511
hs22 49000000 49999999 0.002611
