hsY 0 999999 5786
hsY 1000000 1999999 3958
hsY 2000000 2999999 2578
hsY 3000000 3999999 7451
hsY 4000000 4999999 7245
hsY 5000000 5999999 6954
hsY 6000000 6999999 3349
hsY 7000000 7999999 983
hsY 8000000 8999999 290
hsY 9000000 9999999 1541
hsY 10000000 10999999 1764
hsY 11000000 11999999 3076
hsY 12000000 12999999 480
hsY 13000000 13999999 530
hsY 14000000 14999999 435
hsY 15000000 15999999 358
hsY 16000000 16999999 387
hsY 17000000 17999999 321
hsY 18000000 18999999 977
hsY 19000000 19999999 338
hsY 20000000 20999999 2377
hsY 21000000 21999999 313
hsY 22000000 22999999 1955
hsY 23000000 23999999 1572
hsY 24000000 24999999 2026
hsY 25000000 25999999 1740
hsY 26000000 26999999 1574
hsY 27000000 27999999 315
hsY 57000000 57999999 4056
hsM 0 999999 648
hsX 0 999999 5786
hsX 1000000 1999999 3958
hsX 2000000 2999999 3292
hsX 3000000 3999999 3662
hsX 4000000 4999999 2736
hsX 5000000 5999999 3467
hsX 6000000 6999999 2615
hsX 7000000 7999999 1925
hsX 8000000 8999999 2343
hsX 9000000 9999999 2664
hsX 10000000 10999999 2078
hsX 11000000 11999999 2320
hsX 12000000 12999999 3019
hsX 13000000 13999999 2187
hsX 14000000 14999999 1883
hsX 15000000 15999999 2122
hsX 16000000 16999999 1922
hsX 17000000 17999999 1387
hsX 18000000 18999999 1437
hsX 19000000 19999999 1804
hsX 20000000 20999999 1483
hsX 21000000 21999999 1348
hsX 22000000 22999999 2848
hsX 23000000 23999999 2631
hsX 24000000 24999999 1789
hsX 25000000 25999999 2114
hsX 26000000 26999999 2080
hsX 27000000 27999999 2078
hsX 28000000 28999999 1723
hsX 29000000 29999999 1829
hsX 30000000 30999999 2168
hsX 31000000 31999999 2359
hsX 32000000 32999999 2854
hsX 33000000 33999999 2058
hsX 34000000 34999999 2367
hsX 35000000 35999999 1954
hsX 36000000 36999999 1762
hsX 37000000 37999999 2122
hsX 38000000 38999999 1941
hsX 39000000 39999999 1723
hsX 40000000 40999999 1998
hsX 41000000 41999999 1861
hsX 42000000 42999999 1735
hsX 43000000 43999999 1652
hsX 44000000 44999999 1988
hsX 45000000 45999999 1695
hsX 46000000 46999999 1592
hsX 47000000 47999999 2459
hsX 48000000 48999999 1810
hsX 49000000 49999999 2340
hsX 50000000 50999999 1600
hsX 51000000 51999999 1819
hsX 52000000 52999999 1601
hsX 53000000 53999999 1550
hsX 54000000 54999999 2023
hsX 55000000 55999999 2353
hsX 56000000 56999999 2667
hsX 57000000 57999999 1908
hsX 58000000 58999999 12884
hsX 61000000 61999999 1751
hsX 62000000 62999999 3999
hsX 63000000 63999999 7557
hsX 64000000 64999999 2829
hsX 65000000 65999999 3015
hsX 66000000 66999999 1863
hsX 67000000 67999999 1966
hsX 68000000 68999999 1974
hsX 69000000 69999999 1931
hsX 70000000 70999999 1819
hsX 71000000 71999999 1515
hsX 72000000 72999999 1664
hsX 73000000 73999999 1449
hsX 74000000 74999999 1857
hsX 75000000 75999999 2904
hsX 76000000 76999999 2279
hsX 77000000 77999999 4110
hsX 78000000 78999999 5104
hsX 79000000 79999999 6051
hsX 80000000 80999999 3986
hsX 81000000 81999999 2194
hsX 82000000 82999999 3602
hsX 83000000 83999999 2289
hsX 84000000 84999999 2855
hsX 85000000 85999999 2633
hsX 86000000 86999999 3483
hsX 87000000 87999999 3216
hsX 88000000 88999999 7019
hsX 89000000 89999999 8364
hsX 90000000 90999999 6283
hsX 91000000 91999999 8648
hsX 92000000 92999999 4066
hsX 93000000 93999999 2294
hsX 94000000 94999999 1964
hsX 95000000 95999999 2681
hsX 96000000 96999999 2015
hsX 97000000 97999999 1836
hsX 98000000 98999999 1315
hsX 99000000 99999999 1964
hsX 100000000 100999999 1955
hsX 101000000 101999999 1513
hsX 102000000 102999999 1526
hsX 103000000 103999999 1364
hsX 104000000 104999999 1426
hsX 105000000 105999999 1273
hsX 106000000 106999999 1459
hsX 107000000 107999999 1431
hsX 108000000 108999999 1815
hsX 109000000 109999999 1544
hsX 110000000 110999999 1398
hsX 111000000 111999999 1838
hsX 112000000 112999999 2111
hsX 113000000 113999999 1875
hsX 114000000 114999999 2331
hsX 115000000 115999999 3067
hsX 116000000 116999999 4600
hsX 117000000 117999999 3447
hsX 118000000 118999999 3539
hsX 119000000 119999999 3032
hsX 120000000 120999999 3818
hsX 121000000 121999999 3166
hsX 122000000 122999999 2134
hsX 123000000 123999999 2249
hsX 124000000 124999999 3005
hsX 125000000 125999999 2664
hsX 126000000 126999999 2635
hsX 127000000 127999999 2001
hsX 128000000 128999999 2130
hsX 129000000 129999999 1711
hsX 130000000 130999999 1752
hsX 131000000 131999999 1390
hsX 132000000 132999999 1234
hsX 133000000 133999999 1396
hsX 134000000 134999999 2231
hsX 135000000 135999999 1619
hsX 136000000 136999999 1907
hsX 137000000 137999999 2020
hsX 138000000 138999999 2268
hsX 139000000 139999999 2601
hsX 140000000 140999999 3459
hsX 141000000 141999999 2973
hsX 142000000 142999999 2458
hsX 143000000 143999999 3066
hsX 144000000 144999999 2777
hsX 145000000 145999999 2920
hsX 146000000 146999999 2207
hsX 147000000 147999999 1797
hsX 148000000 148999999 2031
hsX 149000000 149999999 2037
hsX 150000000 150999999 2653
hsX 151000000 151999999 2482
hsX 152000000 152999999 2476
hsX 153000000 153999999 2099
hsX 154000000 154999999 2420
hsX_random 0 999999 1698
hsX_random 1000000 1999999 778
hs1 0 999999 6405
hs1 1000000 1999999 3694
hs1 2000000 2999999 4058
hs1 3000000 3999999 3996
hs1 4000000 4999999 4408
hs1 5000000 5999999 3683
hs1 6000000 6999999 2823
hs1 7000000 7999999 3410
hs1 8000000 8999999 3040
hs1 9000000 9999999 2833
hs1 10000000 10999999 2833
hs1 11000000 11999999 3482
hs1 12000000 12999999 4757
hs1 13000000 13999999 5580
hs1 14000000 14999999 3696
hs1 15000000 15999999 3781
hs1 16000000 16999999 7485
hs1 17000000 17999999 4355
hs1 18000000 18999999 3815
hs1 19000000 19999999 3706
hs1 20000000 20999999 3459
hs1 21000000 21999999 3567
hs1 22000000 22999999 3807
hs1 23000000 23999999 2916
hs1 24000000 24999999 3405
hs1 25000000 25999999 3275
hs1 26000000 26999999 2703
hs1 27000000 27999999 2036
hs1 28000000 28999999 2489
hs1 29000000 29999999 2889
hs1 30000000 30999999 5920
hs1 31000000 31999999 3345
hs1 32000000 32999999 2173
hs1 33000000 33999999 2959
hs1 34000000 34999999 7329
hs1 35000000 35999999 2665
hs1 36000000 36999999 2485
hs1 37000000 37999999 3279
hs1 38000000 38999999 2820
hs1 39000000 39999999 3176
hs1 40000000 40999999 4724
hs1 41000000 41999999 3381
hs1 42000000 42999999 3919
hs1 43000000 43999999 3528
hs1 44000000 44999999 2565
hs1 45000000 45999999 4017
hs1 46000000 46999999 3099
hs1 47000000 47999999 4383
hs1 48000000 48999999 3970
hs1 49000000 49999999 2989
hs1 50000000 50999999 2224
hs1 51000000 51999999 1810
hs1 52000000 52999999 2585
hs1 53000000 53999999 3404
hs1 54000000 54999999 3335
hs1 55000000 55999999 3753
hs1 56000000 56999999 3498
hs1 57000000 57999999 3597
hs1 58000000 58999999 4345
hs1 59000000 59999999 3025
hs1 60000000 60999999 2607
hs1 61000000 61999999 3020
hs1 62000000 62999999 3258
hs1 63000000 63999999 3456
hs1 64000000 64999999 3222
hs1 65000000 65999999 3219
hs1 66000000 66999999 3322
hs1 67000000 67999999 3222
hs1 68000000 68999999 3258
hs1 69000000 69999999 2894
hs1 70000000 70999999 2684
hs1 71000000 71999999 2609
hs1 72000000 72999999 2990
hs1 73000000 73999999 2885
hs1 74000000 74999999 2774
hs1 75000000 75999999 2932
hs1 76000000 76999999 3632
hs1 77000000 77999999 2703
hs1 78000000 78999999 2633
hs1 79000000 79999999 3594
hs1 80000000 80999999 3319
hs1 81000000 81999999 3277
hs1 82000000 82999999 3409
hs1 83000000 83999999 4619
hs1 84000000 84999999 2853
hs1 85000000 85999999 3518
hs1 86000000 86999999 3162
hs1 87000000 87999999 2681
hs1 88000000 88999999 2684
hs1 89000000 89999999 2934
hs1 90000000 90999999 2536
hs1 91000000 91999999 3833
hs1 92000000 92999999 2736
hs1 93000000 93999999 2446
hs1 94000000 94999999 3438
hs1 95000000 95999999 2983
hs1 96000000 96999999 3115
hs1 97000000 97999999 2378
hs1 98000000 98999999 2548
hs1 99000000 99999999 3241
hs1 100000000 100999999 2981
hs1 101000000 101999999 3140
hs1 102000000 102999999 3727
hs1 103000000 103999999 2951
hs1 104000000 104999999 3878
hs1 105000000 105999999 5020
hs1 106000000 106999999 3337
hs1 107000000 107999999 3064
hs1 108000000 108999999 3532
hs1 109000000 109999999 2750
hs1 110000000 110999999 3288
hs1 111000000 111999999 3621
hs1 112000000 112999999 3751
hs1 113000000 113999999 2845
hs1 114000000 114999999 2801
hs1 115000000 115999999 3031
hs1 116000000 116999999 3548
hs1 117000000 117999999 3108
hs1 118000000 118999999 2827
hs1 119000000 119999999 3248
hs1 120000000 120999999 4072
hs1 121000000 121999999 1831
hs1 141000000 141999999 13649
hs1 142000000 142999999 14293
hs1 143000000 143999999 8550
hs1 144000000 144999999 5514
hs1 145000000 145999999 3727
hs1 146000000 146999999 7468
hs1 147000000 147999999 8692
hs1 148000000 148999999 3204
hs1 149000000 149999999 2434
hs1 150000000 150999999 4709
hs1 151000000 151999999 4822
hs1 152000000 152999999 2420
hs1 153000000 153999999 2342
hs1 154000000 154999999 2507
hs1 155000000 155999999 4392
hs1 156000000 156999999 5049
hs1 157000000 157999999 5888
hs1 158000000 158999999 3258
hs1 159000000 159999999 4613
hs1 160000000 160999999 3740
hs1 161000000 161999999 4416
hs1 162000000 162999999 3792
hs1 163000000 163999999 3530
hs1 164000000 164999999 4134
hs1 165000000 165999999 3106
hs1 166000000 166999999 3486
hs1 167000000 167999999 4346
hs1 168000000 168999999 3382
hs1 169000000 169999999 3718
hs1 170000000 170999999 2713
hs1 171000000 171999999 2545
hs1 172000000 172999999 2194
hs1 173000000 173999999 3019
hs1 174000000 174999999 2450
hs1 175000000 175999999 2588
hs1 176000000 176999999 2679
hs1 177000000 177999999 3440
hs1 178000000 178999999 2767
hs1 179000000 179999999 2998
hs1 180000000 180999999 3003
hs1 181000000 181999999 3252
hs1 182000000 182999999 2561
hs1 183000000 183999999 2241
hs1 184000000 184999999 2501
hs1 185000000 185999999 3346
hs1 186000000 186999999 4148
hs1 187000000 187999999 2996
hs1 188000000 188999999 3281
hs1 189000000 189999999 2964
hs1 190000000 190999999 2794
hs1 191000000 191999999 2504
hs1 192000000 192999999 3768
hs1 193000000 193999999 3041
hs1 194000000 194999999 3124
hs1 195000000 195999999 3001
hs1 196000000 196999999 2877
hs1 197000000 197999999 2768
hs1 198000000 198999999 3241
hs1 199000000 199999999 3630
hs1 200000000 200999999 2923
hs1 201000000 201999999 3193
hs1 202000000 202999999 3380
hs1 203000000 203999999 3283
hs1 204000000 204999999 2768
hs1 205000000 205999999 3370
hs1 206000000 206999999 3124
hs1 207000000 207999999 3157
hs1 208000000 208999999 3402
hs1 209000000 209999999 3076
hs1 210000000 210999999 3229
hs1 211000000 211999999 2832
hs1 212000000 212999999 2992
hs1 213000000 213999999 2693
hs1 214000000 214999999 3260
hs1 215000000 215999999 3847
hs1 216000000 216999999 3710
hs1 217000000 217999999 3323
hs1 218000000 218999999 2854
hs1 219000000 219999999 3061
hs1 220000000 220999999 2704
hs1 221000000 221999999 2787
hs1 222000000 222999999 3890
hs1 223000000 223999999 2973
hs1 224000000 224999999 2950
hs1 225000000 225999999 3381
hs1 226000000 226999999 2765
hs1 227000000 227999999 3256
hs1 228000000 228999999 3809
hs1 229000000 229999999 2904
hs1 230000000 230999999 3775
hs1 231000000 231999999 3453
hs1 232000000 232999999 3872
hs1 233000000 233999999 2908
hs1 234000000 234999999 4532
hs1 235000000 235999999 3805
hs1 236000000 236999999 4026
hs1 237000000 237999999 3056
hs1 238000000 238999999 3765
hs1 239000000 239999999 3400
hs1 240000000 240999999 4770
hs1 241000000 241999999 3999
hs1 242000000 242999999 3222
hs1 243000000 243999999 3732
hs1 244000000 244999999 4638
hs1 245000000 245999999 3810
hs1 246000000 246999999 4754
hs1 247000000 247999999 558
hs1_random 0 999999 3102
hs1_random 1000000 1999999 1003
hs2 0 999999 3775
hs2 1000000 1999999 4488
hs2 2000000 2999999 3210
hs2 3000000 3999999 3696
hs2 4000000 4999999 3152
hs2 5000000 5999999 3239
hs2 6000000 6999999 3688
hs2 7000000 7999999 2917
hs2 8000000 8999999 2605
hs2 9000000 9999999 3052
hs2 10000000 10999999 3906
hs2 11000000 11999999 2934
hs2 12000000 12999999 3069
hs2 13000000 13999999 3492
hs2 14000000 14999999 3035
hs2 15000000 15999999 3174
hs2 16000000 16999999 2778
hs2 17000000 17999999 2659
hs2 18000000 18999999 3132
hs2 19000000 19999999 3179
hs2 20000000 20999999 2902
hs2 21000000 21999999 4137
hs2 22000000 22999999 2932
hs2 23000000 23999999 4895
hs2 24000000 24999999 2904
hs2 25000000 25999999 2197
hs2 26000000 26999999 2590
hs2 27000000 27999999 2009
hs2 28000000 28999999 2479
hs2 29000000 29999999 4577
hs2 30000000 30999999 4320
hs2 31000000 31999999 3521
hs2 32000000 32999999 2060
hs2 33000000 33999999 4314
hs2 34000000 34999999 4482
hs2 35000000 35999999 4542
hs2 36000000 36999999 4334
hs2 37000000 37999999 3728
hs2 38000000 38999999 3253
hs2 39000000 39999999 2597
hs2 40000000 40999999 3752
hs2 41000000 41999999 3992
hs2 42000000 42999999 3015
hs2 43000000 43999999 4065
hs2 44000000 44999999 2708
hs2 45000000 45999999 4107
hs2 46000000 46999999 3063
hs2 47000000 47999999 3278
hs2 48000000 48999999 2765
hs2 49000000 49999999 3251
hs2 50000000 50999999 3121
hs2 51000000 51999999 4561
hs2 52000000 52999999 3857
hs2 53000000 53999999 3309
hs2 54000000 54999999 3119
hs2 55000000 55999999 3131
hs2 56000000 56999999 3323
hs2 57000000 57999999 3152
hs2 58000000 58999999 2031
hs2 59000000 59999999 2689
hs2 60000000 60999999 2525
hs2 61000000 61999999 2368
hs2 62000000 62999999 2044
hs2 63000000 63999999 1666
hs2 64000000 64999999 2682
hs2 65000000 65999999 3219
hs2 66000000 66999999 2545
hs2 67000000 67999999 3194
hs2 68000000 68999999 2919
hs2 69000000 69999999 2537
hs2 70000000 70999999 3167
hs2 71000000 71999999 3130
hs2 72000000 72999999 1812
hs2 73000000 73999999 2528
hs2 74000000 74999999 2591
hs2 75000000 75999999 2860
hs2 76000000 76999999 3377
hs2 77000000 77999999 3224
hs2 78000000 78999999 2620
hs2 79000000 79999999 3523
hs2 80000000 80999999 2815
hs2 81000000 81999999 2561
hs2 82000000 82999999 2297
hs2 83000000 83999999 2555
hs2 84000000 84999999 2556
hs2 85000000 85999999 2557
hs2 86000000 86999999 2424
hs2 87000000 87999999 4466
hs2 88000000 88999999 2580
hs2 89000000 89999999 4579
hs2 90000000 90999999 1184
hs2 91000000 91999999 14081
hs2 94000000 94999999 1637
hs2 95000000 95999999 2293
hs2 96000000 96999999 1692
hs2 97000000 97999999 4004
hs2 98000000 98999999 1975
hs2 99000000 99999999 2422
hs2 100000000 100999999 3534
hs2 101000000 101999999 2592
hs2 102000000 102999999 3480
hs2 103000000 103999999 2122
hs2 104000000 104999999 2129
hs2 105000000 105999999 3402
hs2 106000000 106999999 3526
hs2 107000000 107999999 3493
hs2 108000000 108999999 3539
hs2 109000000 109999999 2873
hs2 110000000 110999999 2492
hs2 111000000 111999999 3039
hs2 112000000 112999999 4312
hs2 113000000 113999999 5337
hs2 114000000 114999999 5240
hs2 115000000 115999999 3182
hs2 116000000 116999999 3526
hs2 117000000 117999999 3232
hs2 118000000 118999999 4276
hs2 119000000 119999999 3467
hs2 120000000 120999999 2195
hs2 121000000 121999999 2994
hs2 122000000 122999999 2624
hs2 123000000 123999999 3696
hs2 124000000 124999999 3196
hs2 125000000 125999999 2948
hs2 126000000 126999999 2998
hs2 127000000 127999999 3524
hs2 128000000 128999999 2969
hs2 129000000 129999999 3757
hs2 130000000 130999999 4831
hs2 131000000 131999999 3808
hs2 132000000 132999999 7003
hs2 133000000 133999999 2650
hs2 134000000 134999999 3311
hs2 135000000 135999999 1852
hs2 136000000 136999999 2510
hs2 137000000 137999999 3323
hs2 138000000 138999999 2764
hs2 139000000 139999999 3015
hs2 140000000 140999999 3059
hs2 141000000 141999999 3850
hs2 142000000 142999999 3003
hs2 143000000 143999999 2497
hs2 144000000 144999999 1698
hs2 145000000 145999999 1964
hs2 146000000 146999999 2162
hs2 147000000 147999999 1733
hs2 148000000 148999999 2345
hs2 149000000 149999999 2721
hs2 150000000 150999999 5510
hs2 151000000 151999999 3135
hs2 152000000 152999999 4296
hs2 153000000 153999999 4557
hs2 154000000 154999999 4707
hs2 155000000 155999999 2750
hs2 156000000 156999999 5027
hs2 157000000 157999999 3645
hs2 158000000 158999999 4776
hs2 159000000 159999999 3503
hs2 160000000 160999999 3186
hs2 161000000 161999999 3415
hs2 162000000 162999999 1942
hs2 163000000 163999999 2594
hs2 164000000 164999999 2424
hs2 165000000 165999999 2582
hs2 166000000 166999999 3408
hs2 167000000 167999999 2897
hs2 168000000 168999999 3134
hs2 169000000 169999999 3139
hs2 170000000 170999999 3409
hs2 171000000 171999999 2759
hs2 172000000 172999999 2828
hs2 173000000 173999999 3235
hs2 174000000 174999999 2761
hs2 175000000 175999999 2638
hs2 176000000 176999999 2780
hs2 177000000 177999999 2997
hs2 178000000 178999999 3177
hs2 179000000 179999999 2424
hs2 180000000 180999999 3208
hs2 181000000 181999999 2792
hs2 182000000 182999999 2585
hs2 183000000 183999999 2916
hs2 184000000 184999999 2953
hs2 185000000 185999999 2239
hs2 186000000 186999999 2324
hs2 187000000 187999999 2637
hs2 188000000 188999999 2685
hs2 189000000 189999999 2327
hs2 190000000 190999999 3086
hs2 191000000 191999999 2516
hs2 192000000 192999999 2615
hs2 193000000 193999999 2274
hs2 194000000 194999999 2379
hs2 195000000 195999999 2824
hs2 196000000 196999999 2761
hs2 197000000 197999999 2201
hs2 198000000 198999999 1950
hs2 199000000 199999999 2506
hs2 200000000 200999999 2052
hs2 201000000 201999999 2487
hs2 202000000 202999999 2379
hs2 203000000 203999999 1588
hs2 204000000 204999999 2566
hs2 205000000 205999999 2607
hs2 206000000 206999999 2591
hs2 207000000 207999999 2622
hs2 208000000 208999999 2954
hs2 209000000 209999999 2908
hs2 210000000 210999999 2136
hs2 211000000 211999999 2954
hs2 212000000 212999999 3359
hs2 213000000 213999999 2732
hs2 214000000 214999999 2730
hs2 215000000 215999999 3225
hs2 216000000 216999999 3005
hs2 217000000 217999999 3240
hs2 218000000 218999999 2978
hs2 219000000 219999999 2479
hs2 220000000 220999999 3209
hs2 221000000 221999999 2911
hs2 222000000 222999999 2584
hs2 223000000 223999999 2989
hs2 224000000 224999999 3192
hs2 225000000 225999999 2962
hs2 226000000 226999999 2454
hs2 227000000 227999999 2748
hs2 228000000 228999999 3322
hs2 229000000 229999999 2844
hs2 230000000 230999999 3024
hs2 231000000 231999999 2889
hs2 232000000 232999999 2886
hs2 233000000 233999999 3164
hs2 234000000 234999999 4401
hs2 235000000 235999999 3745
hs2 236000000 236999999 2878
hs2 237000000 237999999 3109
hs2 238000000 238999999 3319
hs2 239000000 239999999 3044
hs2 240000000 240999999 3734
hs2 241000000 241999999 3384
hs2 242000000 242999999 2513
hs2_random 0 999999 473
hs3_random 0 999999 1699
hs3 0 999999 5685
hs3 1000000 1999999 7240
hs3 2000000 2999999 4974
hs3 3000000 3999999 7015
hs3 4000000 4999999 6927
hs3 5000000 5999999 4745
hs3 6000000 6999999 5377
hs3 7000000 7999999 4224
hs3 8000000 8999999 5239
hs3 9000000 9999999 3109
hs3 10000000 10999999 4112
hs3 11000000 11999999 3386
hs3 12000000 12999999 3737
hs3 13000000 13999999 3627
hs3 14000000 14999999 4072
hs3 15000000 15999999 3674
hs3 16000000 16999999 3497
hs3 17000000 17999999 2322
hs3 18000000 18999999 3288
hs3 19000000 19999999 2159
hs3 20000000 20999999 3297
hs3 21000000 21999999 4738
hs3 22000000 22999999 3851
hs3 23000000 23999999 2879
hs3 24000000 24999999 3123
hs3 25000000 25999999 2953
hs3 26000000 26999999 3396
hs3 27000000 27999999 3505
hs3 28000000 28999999 2525
hs3 29000000 29999999 3509
hs3 30000000 30999999 3421
hs3 31000000 31999999 2836
hs3 32000000 32999999 3132
hs3 33000000 33999999 2163
hs3 34000000 34999999 2721
hs3 35000000 35999999 2326
hs3 36000000 36999999 2761
hs3 37000000 37999999 2864
hs3 38000000 38999999 3303
hs3 39000000 39999999 3251
hs3 40000000 40999999 2213
hs3 41000000 41999999 3081
hs3 42000000 42999999 2702
hs3 43000000 43999999 2178
hs3 44000000 44999999 2006
hs3 45000000 45999999 3126
hs3 46000000 46999999 2992
hs3 47000000 47999999 1685
hs3 48000000 48999999 1801
hs3 49000000 49999999 1837
hs3 50000000 50999999 2242
hs3 51000000 51999999 1703
hs3 52000000 52999999 2043
hs3 53000000 53999999 2843
hs3 54000000 54999999 2802
hs3 55000000 55999999 3173
hs3 56000000 56999999 2910
hs3 57000000 57999999 2521
hs3 58000000 58999999 2728
hs3 59000000 59999999 3707
hs3 60000000 60999999 4387
hs3 61000000 61999999 3109
hs3 62000000 62999999 3082
hs3 63000000 63999999 3104
hs3 64000000 64999999 3531
hs3 65000000 65999999 3396
hs3 66000000 66999999 2565
hs3 67000000 67999999 3360
hs3 68000000 68999999 3323
hs3 69000000 69999999 3476
hs3 70000000 70999999 2818
hs3 71000000 71999999 2532
hs3 72000000 72999999 2982
hs3 73000000 73999999 3577
hs3 74000000 74999999 3489
hs3 75000000 75999999 6099
hs3 76000000 76999999 3373
hs3 77000000 77999999 2892
hs3 78000000 78999999 2477
hs3 79000000 79999999 2343
hs3 80000000 80999999 2637
hs3 81000000 81999999 2535
hs3 82000000 82999999 2458
hs3 83000000 83999999 2116
hs3 84000000 84999999 2534
hs3 85000000 85999999 2638
hs3 86000000 86999999 2583
hs3 87000000 87999999 2807
hs3 88000000 88999999 3096
hs3 89000000 89999999 2091
hs3 90000000 90999999 889
hs3 94000000 94999999 1578
hs3 95000000 95999999 4622
hs3 96000000 96999999 4662
hs3 97000000 97999999 5192
hs3 98000000 98999999 4181
hs3 99000000 99999999 6546
hs3 100000000 100999999 6140
hs3 101000000 101999999 4646
hs3 102000000 102999999 3452
hs3 103000000 103999999 2694
hs3 104000000 104999999 5470
hs3 105000000 105999999 3342
hs3 106000000 106999999 3701
hs3 107000000 107999999 3476
hs3 108000000 108999999 3892
hs3 109000000 109999999 3846
hs3 110000000 110999999 3521
hs3 111000000 111999999 3297
hs3 112000000 112999999 3225
hs3 113000000 113999999 3822
hs3 114000000 114999999 2828
hs3 115000000 115999999 2254
hs3 116000000 116999999 2189
hs3 117000000 117999999 3079
hs3 118000000 118999999 2882
hs3 119000000 119999999 2724
hs3 120000000 120999999 3160
hs3 121000000 121999999 2492
hs3 122000000 122999999 2451
hs3 123000000 123999999 2934
hs3 124000000 124999999 2729
hs3 125000000 125999999 3279
hs3 126000000 126999999 3506
hs3 127000000 127999999 3727
hs3 128000000 128999999 2690
hs3 129000000 129999999 2757
hs3 130000000 130999999 2164
hs3 131000000 131999999 3576
hs3 132000000 132999999 2283
hs3 133000000 133999999 2951
hs3 134000000 134999999 3100
hs3 135000000 135999999 2591
hs3 136000000 136999999 2792
hs3 137000000 137999999 1799
hs3 138000000 138999999 2607
hs3 139000000 139999999 2128
hs3 140000000 140999999 2501
hs3 141000000 141999999 2826
hs3 142000000 142999999 2343
hs3 143000000 143999999 2173
hs3 144000000 144999999 2798
hs3 145000000 145999999 2756
hs3 146000000 146999999 3141
hs3 147000000 147999999 3319
hs3 148000000 148999999 2031
hs3 149000000 149999999 2790
hs3 150000000 150999999 3095
hs3 151000000 151999999 2380
hs3 152000000 152999999 2607
hs3 153000000 153999999 2521
hs3 154000000 154999999 3054
hs3 155000000 155999999 2430
hs3 156000000 156999999 2264
hs3 157000000 157999999 2487
hs3 158000000 158999999 2586
hs3 159000000 159999999 2441
hs3 160000000 160999999 2608
hs3 161000000 161999999 2155
hs3 162000000 162999999 2716
hs3 163000000 163999999 3824
hs3 164000000 164999999 3246
hs3 165000000 165999999 3191
hs3 166000000 166999999 2175
hs3 167000000 167999999 2736
hs3 168000000 168999999 1998
hs3 169000000 169999999 2454
hs3 170000000 170999999 2720
hs3 171000000 171999999 2460
hs3 172000000 172999999 2761
hs3 173000000 173999999 2911
hs3 174000000 174999999 2654
hs3 175000000 175999999 2866
hs3 176000000 176999999 3045
hs3 177000000 177999999 2939
hs3 178000000 178999999 2919
hs3 179000000 179999999 2412
hs3 180000000 180999999 2571
hs3 181000000 181999999 2416
hs3 182000000 182999999 1920
hs3 183000000 183999999 2178
hs3 184000000 184999999 2824
hs3 185000000 185999999 3143
hs3 186000000 186999999 2335
hs3 187000000 187999999 2946
hs3 188000000 188999999 3457
hs3 189000000 189999999 2863
hs3 190000000 190999999 3019
hs3 191000000 191999999 3648
hs3 192000000 192999999 3811
hs3 193000000 193999999 3100
hs3 194000000 194999999 3017
hs3 195000000 195999999 3433
hs3 196000000 196999999 4658
hs3 197000000 197999999 3735
hs3 198000000 198999999 3499
hs3 199000000 199999999 1863
hs4_random 0 999999 3596
hs4 0 999999 3564
hs4 1000000 1999999 3287
hs4 2000000 2999999 3307
hs4 3000000 3999999 4419
hs4 4000000 4999999 4937
hs4 5000000 5999999 4108
hs4 6000000 6999999 3658
hs4 7000000 7999999 4697
hs4 8000000 8999999 3841
hs4 9000000 9999999 5777
hs4 10000000 10999999 3677
hs4 11000000 11999999 3958
hs4 12000000 12999999 3872
hs4 13000000 13999999 3477
hs4 14000000 14999999 3685
hs4 15000000 15999999 3126
hs4 16000000 16999999 3389
hs4 17000000 17999999 3071
hs4 18000000 18999999 2879
hs4 19000000 19999999 2834
hs4 20000000 20999999 3284
hs4 21000000 21999999 3599
hs4 22000000 22999999 2832
hs4 23000000 23999999 3263
hs4 24000000 24999999 3022
hs4 25000000 25999999 3242
hs4 26000000 26999999 2531
hs4 27000000 27999999 3381
hs4 28000000 28999999 3375
hs4 29000000 29999999 2752
hs4 30000000 30999999 3140
hs4 31000000 31999999 2911
hs4 32000000 32999999 2859
hs4 33000000 33999999 1822
hs4 34000000 34999999 3101
hs4 35000000 35999999 3446
hs4 36000000 36999999 3889
hs4 37000000 37999999 3738
hs4 38000000 38999999 3772
hs4 39000000 39999999 3038
hs4 40000000 40999999 3311
hs4 41000000 41999999 2730
hs4 42000000 42999999 3778
hs4 43000000 43999999 2711
hs4 44000000 44999999 3787
hs4 45000000 45999999 2632
hs4 46000000 46999999 2061
hs4 47000000 47999999 3110
hs4 48000000 48999999 9296
hs4 49000000 49999999 8844
hs4 52000000 52999999 1960
hs4 53000000 53999999 2778
hs4 54000000 54999999 3211
hs4 55000000 55999999 3269
hs4 56000000 56999999 3044
hs4 57000000 57999999 3748
hs4 58000000 58999999 3785
hs4 59000000 59999999 4180
hs4 60000000 60999999 3547
hs4 61000000 61999999 3635
hs4 62000000 62999999 2757
hs4 63000000 63999999 4015
hs4 64000000 64999999 2819
hs4 65000000 65999999 3934
hs4 66000000 66999999 3348
hs4 67000000 67999999 2986
hs4 68000000 68999999 2959
hs4 69000000 69999999 3264
hs4 70000000 70999999 4035
hs4 71000000 71999999 2788
hs4 72000000 72999999 2952
hs4 73000000 73999999 3534
hs4 74000000 74999999 2403
hs4 75000000 75999999 5729
hs4 76000000 76999999 7241
hs4 77000000 77999999 4290
hs4 78000000 78999999 4538
hs4 79000000 79999999 8648
hs4 80000000 80999999 6552
hs4 81000000 81999999 6922
hs4 82000000 82999999 3574
hs4 83000000 83999999 4587
hs4 84000000 84999999 3423
hs4 85000000 85999999 4472
hs4 86000000 86999999 3734
hs4 87000000 87999999 3538
hs4 88000000 88999999 4364
hs4 89000000 89999999 2824
hs4 90000000 90999999 3866
hs4 91000000 91999999 3074
hs4 92000000 92999999 2713
hs4 93000000 93999999 2243
hs4 94000000 94999999 2328
hs4 95000000 95999999 3387
hs4 96000000 96999999 3499
hs4 97000000 97999999 2668
hs4 98000000 98999999 2375
hs4 99000000 99999999 3079
hs4 100000000 100999999 3405
hs4 101000000 101999999 2596
hs4 102000000 102999999 3013
hs4 103000000 103999999 2805
hs4 104000000 104999999 2807
hs4 105000000 105999999 2295
hs4 106000000 106999999 2426
hs4 107000000 107999999 2200
hs4 108000000 108999999 2710
hs4 109000000 109999999 2706
hs4 110000000 110999999 2936
hs4 111000000 111999999 3327
hs4 112000000 112999999 2646
hs4 113000000 113999999 2158
hs4 114000000 114999999 2733
hs4 115000000 115999999 3050
hs4 116000000 116999999 2993
hs4 117000000 117999999 3077
hs4 118000000 118999999 4954
hs4 119000000 119999999 3823
hs4 120000000 120999999 3728
hs4 121000000 121999999 3054
hs4 122000000 122999999 3280
hs4 123000000 123999999 2157
hs4 124000000 124999999 2796
hs4 125000000 125999999 2405
hs4 126000000 126999999 3049
hs4 127000000 127999999 3062
hs4 128000000 128999999 2107
hs4 129000000 129999999 1989
hs4 130000000 130999999 2706
hs4 131000000 131999999 3371
hs4 132000000 132999999 4216
hs4 133000000 133999999 4035
hs4 134000000 134999999 2807
hs4 135000000 135999999 2318
hs4 136000000 136999999 3004
hs4 137000000 137999999 2950
hs4 138000000 138999999 3251
hs4 139000000 139999999 3029
hs4 140000000 140999999 2627
hs4 141000000 141999999 2425
hs4 142000000 142999999 2619
hs4 143000000 143999999 3019
hs4 144000000 144999999 3261
hs4 145000000 145999999 3307
hs4 146000000 146999999 2089
hs4 147000000 147999999 2244
hs4 148000000 148999999 2743
hs4 149000000 149999999 2644
hs4 150000000 150999999 2234
hs4 151000000 151999999 2133
hs4 152000000 152999999 2233
hs4 153000000 153999999 2280
hs4 154000000 154999999 3068
hs4 155000000 155999999 2811
hs4 156000000 156999999 3208
hs4 157000000 157999999 3267
hs4 158000000 158999999 2574
hs4 159000000 159999999 2443
hs4 160000000 160999999 3175
hs4 161000000 161999999 3248
hs4 162000000 162999999 3818
hs4 163000000 163999999 3553
hs4 164000000 164999999 2667
hs4 165000000 165999999 3543
hs4 166000000 166999999 3426
hs4 167000000 167999999 3473
hs4 168000000 168999999 3221
hs4 169000000 169999999 3328
hs4 170000000 170999999 2661
hs4 171000000 171999999 3560
hs4 172000000 172999999 2775
hs4 173000000 173999999 3134
hs4 174000000 174999999 2548
hs4 175000000 175999999 3175
hs4 176000000 176999999 3062
hs4 177000000 177999999 3520
hs4 178000000 178999999 3819
hs4 179000000 179999999 3855
hs4 180000000 180999999 3813
hs4 181000000 181999999 3703
hs4 182000000 182999999 3868
hs4 183000000 183999999 3301
hs4 184000000 184999999 3195
hs4 185000000 185999999 3713
hs4 186000000 186999999 3411
hs4 187000000 187999999 3859
hs4 188000000 188999999 3298
hs4 189000000 189999999 4318
hs4 190000000 190999999 7392
hs4 191000000 191999999 1918
hs5 0 999999 4819
hs5 1000000 1999999 5202
hs5 2000000 2999999 4789
hs5 3000000 3999999 5005
hs5 4000000 4999999 4135
hs5 5000000 5999999 4101
hs5 6000000 6999999 3856
hs5 7000000 7999999 4521
hs5 8000000 8999999 5382
hs5 9000000 9999999 4549
hs5 10000000 10999999 3857
hs5 11000000 11999999 3246
hs5 12000000 12999999 2592
hs5 13000000 13999999 3685
hs5 14000000 14999999 3413
hs5 15000000 15999999 3167
hs5 16000000 16999999 3474
hs5 17000000 17999999 3572
hs5 18000000 18999999 3499
hs5 19000000 19999999 3152
hs5 20000000 20999999 2975
hs5 21000000 21999999 4108
hs5 22000000 22999999 2997
hs5 23000000 23999999 3293
hs5 24000000 24999999 3013
hs5 25000000 25999999 3259
hs5 26000000 26999999 3204
hs5 27000000 27999999 2529
hs5 28000000 28999999 3031
hs5 29000000 29999999 4296
hs5 30000000 30999999 3247
hs5 31000000 31999999 3529
hs5 32000000 32999999 2873
hs5 33000000 33999999 3387
hs5 34000000 34999999 4912
hs5 35000000 35999999 3173
hs5 36000000 36999999 3010
hs5 37000000 37999999 2579
hs5 38000000 38999999 3134
hs5 39000000 39999999 3320
hs5 40000000 40999999 3410
hs5 41000000 41999999 2910
hs5 42000000 42999999 2808
hs5 43000000 43999999 2607
hs5 44000000 44999999 2275
hs5 45000000 45999999 1345
hs5 46000000 46999999 1518
hs5 49000000 49999999 5035
hs5 50000000 50999999 5397
hs5 51000000 51999999 4725
hs5 52000000 52999999 5040
hs5 53000000 53999999 3929
hs5 54000000 54999999 3296
hs5 55000000 55999999 3506
hs5 56000000 56999999 3679
hs5 57000000 57999999 5018
hs5 58000000 58999999 3333
hs5 59000000 59999999 2437
hs5 60000000 60999999 2585
hs5 61000000 61999999 2511
hs5 62000000 62999999 3176
hs5 63000000 63999999 2230
hs5 64000000 64999999 2722
hs5 65000000 65999999 2830
hs5 66000000 66999999 2711
hs5 67000000 67999999 2754
hs5 68000000 68999999 3081
hs5 69000000 69999999 7519
hs5 70000000 70999999 5308
hs5 71000000 71999999 2635
hs5 72000000 72999999 2443
hs5 73000000 73999999 3345
hs5 74000000 74999999 2194
hs5 75000000 75999999 3217
hs5 76000000 76999999 2959
hs5 77000000 77999999 2682
hs5 78000000 78999999 2530
hs5 79000000 79999999 3124
hs5 80000000 80999999 2820
hs5 81000000 81999999 2275
hs5 82000000 82999999 3172
hs5 83000000 83999999 2025
hs5 84000000 84999999 3575
hs5 85000000 85999999 2875
hs5 86000000 86999999 2222
hs5 87000000 87999999 1924
hs5 88000000 88999999 1831
hs5 89000000 89999999 2229
hs5 90000000 90999999 2261
hs5 91000000 91999999 2017
hs5 92000000 92999999 1796
hs5 93000000 93999999 1438
hs5 94000000 94999999 2370
hs5 95000000 95999999 2558
hs5 96000000 96999999 3328
hs5 97000000 97999999 3954
hs5 98000000 98999999 4313
hs5 99000000 99999999 5549
hs5 100000000 100999999 4841
hs5 101000000 101999999 4413
hs5 102000000 102999999 3420
hs5 103000000 103999999 4156
hs5 104000000 104999999 3283
hs5 105000000 105999999 2148
hs5 106000000 106999999 3381
hs5 107000000 107999999 2893
hs5 108000000 108999999 3280
hs5 109000000 109999999 2848
hs5 110000000 110999999 3624
hs5 111000000 111999999 3158
hs5 112000000 112999999 3568
hs5 113000000 113999999 3537
hs5 114000000 114999999 2975
hs5 115000000 115999999 3774
hs5 116000000 116999999 3488
hs5 117000000 117999999 2811
hs5 118000000 118999999 2661
hs5 119000000 119999999 3107
hs5 120000000 120999999 3036
hs5 121000000 121999999 2572
hs5 122000000 122999999 3118
hs5 123000000 123999999 2909
hs5 124000000 124999999 2968
hs5 125000000 125999999 3427
hs5 126000000 126999999 2343
hs5 127000000 127999999 2597
hs5 128000000 128999999 3149
hs5 129000000 129999999 2146
hs5 130000000 130999999 1944
hs5 131000000 131999999 2562
hs5 132000000 132999999 2635
hs5 133000000 133999999 2799
hs5 134000000 134999999 2275
hs5 135000000 135999999 2999
hs5 136000000 136999999 2842
hs5 137000000 137999999 2109
hs5 138000000 138999999 1756
hs5 139000000 139999999 1870
hs5 140000000 140999999 2816
hs5 141000000 141999999 3481
hs5 142000000 142999999 3056
hs5 143000000 143999999 3068
hs5 144000000 144999999 3082
hs5 145000000 145999999 3008
hs5 146000000 146999999 2865
hs5 147000000 147999999 3481
hs5 148000000 148999999 3119
hs5 149000000 149999999 2792
hs5 150000000 150999999 3517
hs5 151000000 151999999 3179
hs5 152000000 152999999 2914
hs5 153000000 153999999 2937
hs5 154000000 154999999 2865
hs5 155000000 155999999 2811
hs5 156000000 156999999 3296
hs5 157000000 157999999 3339
hs5 158000000 158999999 2447
hs5 159000000 159999999 3005
hs5 160000000 160999999 3435
hs5 161000000 161999999 2964
hs5 162000000 162999999 3139
hs5 163000000 163999999 2876
hs5 164000000 164999999 2733
hs5 165000000 165999999 2966
hs5 166000000 166999999 2503
hs5 167000000 167999999 2824
hs5 168000000 168999999 3084
hs5 169000000 169999999 3178
hs5 170000000 170999999 2643
hs5 171000000 171999999 3027
hs5 172000000 172999999 3125
hs5 173000000 173999999 3601
hs5 174000000 174999999 3433
hs5 175000000 175999999 3038
hs5 176000000 176999999 2581
hs5 177000000 177999999 3722
hs5 178000000 178999999 4594
hs5 179000000 179999999 3716
hs5 180000000 180999999 3905
hs5_random 0 999999 328
hs6_random 0 999999 1787
hs6_random 1000000 1999999 1318
hs6 0 999999 5025
hs6 1000000 1999999 3947
hs6 2000000 2999999 3864
hs6 3000000 3999999 3906
hs6 4000000 4999999 4121
hs6 5000000 5999999 3680
hs6 6000000 6999999 4278
hs6 7000000 7999999 3699
hs6 8000000 8999999 3664
hs6 9000000 9999999 3519
hs6 10000000 10999999 4212
hs6 11000000 11999999 3782
hs6 12000000 12999999 3612
hs6 13000000 13999999 3492
hs6 14000000 14999999 3353
hs6 15000000 15999999 3465
hs6 16000000 16999999 3778
hs6 17000000 17999999 2980
hs6 18000000 18999999 3704
hs6 19000000 19999999 5108
hs6 20000000 20999999 3914
hs6 21000000 21999999 3092
hs6 22000000 22999999 4554
hs6 23000000 23999999 4609
hs6 24000000 24999999 4764
hs6 25000000 25999999 3921
hs6 26000000 26999999 4328
hs6 27000000 27999999 3134
hs6 28000000 28999999 3652
hs6 29000000 29999999 8551
hs6 30000000 30999999 8328
hs6 31000000 31999999 12809
hs6 32000000 32999999 20962
hs6 33000000 33999999 5867
hs6 34000000 34999999 3110
hs6 35000000 35999999 2679
hs6 36000000 36999999 3012
hs6 37000000 37999999 3493
hs6 38000000 38999999 3027
hs6 39000000 39999999 3741
hs6 40000000 40999999 3385
hs6 41000000 41999999 3074
hs6 42000000 42999999 3028
hs6 43000000 43999999 2385
hs6 44000000 44999999 3764
hs6 45000000 45999999 2923
hs6 46000000 46999999 2832
hs6 47000000 47999999 3354
hs6 48000000 48999999 3129
hs6 49000000 49999999 3059
hs6 50000000 50999999 2770
hs6 51000000 51999999 3322
hs6 52000000 52999999 3537
hs6 53000000 53999999 3401
hs6 54000000 54999999 3951
hs6 55000000 55999999 3490
hs6 56000000 56999999 2818
hs6 57000000 57999999 7280
hs6 58000000 58999999 6918
hs6 61000000 61999999 222
hs6 62000000 62999999 5689
hs6 63000000 63999999 4852
hs6 64000000 64999999 3882
hs6 65000000 65999999 4624
hs6 66000000 66999999 6180
hs6 67000000 67999999 5586
hs6 68000000 68999999 3625
hs6 69000000 69999999 4041
hs6 70000000 70999999 5740
hs6 71000000 71999999 4564
hs6 72000000 72999999 3922
hs6 73000000 73999999 5292
hs6 74000000 74999999 4168
hs6 75000000 75999999 3346
hs6 76000000 76999999 2915
hs6 77000000 77999999 3799
hs6 78000000 78999999 3940
hs6 79000000 79999999 2943
hs6 80000000 80999999 3092
hs6 81000000 81999999 4224
hs6 82000000 82999999 2949
hs6 83000000 83999999 2676
hs6 84000000 84999999 2521
hs6 85000000 85999999 3399
hs6 86000000 86999999 2712
hs6 87000000 87999999 2832
hs6 88000000 88999999 3150
hs6 89000000 89999999 3037
hs6 90000000 90999999 2273
hs6 91000000 91999999 3354
hs6 92000000 92999999 3021
hs6 93000000 93999999 3552
hs6 94000000 94999999 2930
hs6 95000000 95999999 2822
hs6 96000000 96999999 5899
hs6 97000000 97999999 3299
hs6 98000000 98999999 3824
hs6 99000000 99999999 4175
hs6 100000000 100999999 5261
hs6 101000000 101999999 3958
hs6 102000000 102999999 4350
hs6 103000000 103999999 3738
hs6 104000000 104999999 4887
hs6 105000000 105999999 4702
hs6 106000000 106999999 3208
hs6 107000000 107999999 3603
hs6 108000000 108999999 3437
hs6 109000000 109999999 3261
hs6 110000000 110999999 2939
hs6 111000000 111999999 2905
hs6 112000000 112999999 2949
hs6 113000000 113999999 3381
hs6 114000000 114999999 2891
hs6 115000000 115999999 2906
hs6 116000000 116999999 2832
hs6 117000000 117999999 3149
hs6 118000000 118999999 2809
hs6 119000000 119999999 3111
hs6 120000000 120999999 3448
hs6 121000000 121999999 3226
hs6 122000000 122999999 2728
hs6 123000000 123999999 3409
hs6 124000000 124999999 3109
hs6 125000000 125999999 2910
hs6 126000000 126999999 1806
hs6 127000000 127999999 2404
hs6 128000000 128999999 2248
hs6 129000000 129999999 3031
hs6 130000000 130999999 3649
hs6 131000000 131999999 3159
hs6 132000000 132999999 3298
hs6 133000000 133999999 3235
hs6 134000000 134999999 3106
hs6 135000000 135999999 2582
hs6 136000000 136999999 2251
hs6 137000000 137999999 3329
hs6 138000000 138999999 2874
hs6 139000000 139999999 3241
hs6 140000000 140999999 2067
hs6 141000000 141999999 2618
hs6 142000000 142999999 2519
hs6 143000000 143999999 2978
hs6 144000000 144999999 2752
hs6 145000000 145999999 3431
hs6 146000000 146999999 2252
hs6 147000000 147999999 2646
hs6 148000000 148999999 3430
hs6 149000000 149999999 3312
hs6 150000000 150999999 3880
hs6 151000000 151999999 3653
hs6 152000000 152999999 3768
hs6 153000000 153999999 3478
hs6 154000000 154999999 3508
hs6 155000000 155999999 2991
hs6 156000000 156999999 3060
hs6 157000000 157999999 2246
hs6 158000000 158999999 3815
hs6 159000000 159999999 3888
hs6 160000000 160999999 4007
hs6 161000000 161999999 3879
hs6 162000000 162999999 3798
hs6 163000000 163999999 3339
hs6 164000000 164999999 3507
hs6 165000000 165999999 3826
hs6 166000000 166999999 4243
hs6 167000000 167999999 4912
hs6 168000000 168999999 4760
hs6 169000000 169999999 4000
hs6 170000000 170999999 4321
hs7 0 999999 3401
hs7 1000000 1999999 3869
hs7 2000000 2999999 3871
hs7 3000000 3999999 4094
hs7 4000000 4999999 4241
hs7 5000000 5999999 3849
hs7 6000000 6999999 4214
hs7 7000000 7999999 4641
hs7 8000000 8999999 4104
hs7 9000000 9999999 4678
hs7 10000000 10999999 4150
hs7 11000000 11999999 3940
hs7 12000000 12999999 4818
hs7 13000000 13999999 4114
hs7 14000000 14999999 3665
hs7 15000000 15999999 3503
hs7 16000000 16999999 3872
hs7 17000000 17999999 3100
hs7 18000000 18999999 2818
hs7 19000000 19999999 3489
hs7 20000000 20999999 3055
hs7 21000000 21999999 3631
hs7 22000000 22999999 3504
hs7 23000000 23999999 2938
hs7 24000000 24999999 3270
hs7 25000000 25999999 3196
hs7 26000000 26999999 3202
hs7 27000000 27999999 3968
hs7 28000000 28999999 3013
hs7 29000000 29999999 3771
hs7 30000000 30999999 2622
hs7 31000000 31999999 3004
hs7 32000000 32999999 3966
hs7 33000000 33999999 2737
hs7 34000000 34999999 3103
hs7 35000000 35999999 3734
hs7 36000000 36999999 3217
hs7 37000000 37999999 2993
hs7 38000000 38999999 3603
hs7 39000000 39999999 2849
hs7 40000000 40999999 2277
hs7 41000000 41999999 2617
hs7 42000000 42999999 2882
hs7 43000000 43999999 3008
hs7 44000000 44999999 2442
hs7 45000000 45999999 3341
hs7 46000000 46999999 3308
hs7 47000000 47999999 3212
hs7 48000000 48999999 2952
hs7 49000000 49999999 3336
hs7 50000000 50999999 2999
hs7 51000000 51999999 3172
hs7 52000000 52999999 4198
hs7 53000000 53999999 3429
hs7 54000000 54999999 3844
hs7 55000000 55999999 3398
hs7 56000000 56999999 3301
hs7 57000000 57999999 4434
hs7 58000000 58999999 184
hs7 61000000 61999999 6012
hs7 62000000 62999999 4350
hs7 63000000 63999999 3269
hs7 64000000 64999999 4263
hs7 65000000 65999999 2575
hs7 66000000 66999999 4844
hs7 67000000 67999999 3711
hs7 68000000 68999999 2869
hs7 69000000 69999999 2259
hs7 70000000 70999999 3663
hs7 71000000 71999999 3967
hs7 72000000 72999999 3132
hs7 73000000 73999999 2749
hs7 74000000 74999999 3024
hs7 75000000 75999999 3168
hs7 76000000 76999999 6111
hs7 77000000 77999999 3238
hs7 78000000 78999999 3544
hs7 79000000 79999999 3027
hs7 80000000 80999999 3589
hs7 81000000 81999999 3135
hs7 82000000 82999999 3769
hs7 83000000 83999999 3688
hs7 84000000 84999999 2925
hs7 85000000 85999999 3274
hs7 86000000 86999999 2680
hs7 87000000 87999999 2418
hs7 88000000 88999999 3306
hs7 89000000 89999999 4929
hs7 90000000 90999999 3080
hs7 91000000 91999999 2086
hs7 92000000 92999999 2132
hs7 93000000 93999999 2565
hs7 94000000 94999999 2452
hs7 95000000 95999999 2802
hs7 96000000 96999999 2832
hs7 97000000 97999999 3707
hs7 98000000 98999999 2424
hs7 99000000 99999999 2415
hs7 100000000 100999999 3337
hs7 101000000 101999999 3291
hs7 102000000 102999999 3254
hs7 103000000 103999999 3668
hs7 104000000 104999999 2369
hs7 105000000 105999999 3236
hs7 106000000 106999999 2372
hs7 107000000 107999999 2947
hs7 108000000 108999999 2832
hs7 109000000 109999999 3164
hs7 110000000 110999999 2263
hs7 111000000 111999999 2583
hs7 112000000 112999999 2489
hs7 113000000 113999999 2131
hs7 114000000 114999999 2228
hs7 115000000 115999999 2186
hs7 116000000 116999999 2083
hs7 117000000 117999999 2977
hs7 118000000 118999999 2556
hs7 119000000 119999999 1794
hs7 120000000 120999999 2420
hs7 121000000 121999999 2378
hs7 122000000 122999999 2833
hs7 123000000 123999999 2762
hs7 124000000 124999999 2822
hs7 125000000 125999999 3483
hs7 126000000 126999999 4585
hs7 127000000 127999999 2606
hs7 128000000 128999999 2985
hs7 129000000 129999999 2448
hs7 130000000 130999999 3248
hs7 131000000 131999999 3030
hs7 132000000 132999999 2313
hs7 133000000 133999999 3322
hs7 134000000 134999999 2902
hs7 135000000 135999999 2883
hs7 136000000 136999999 2955
hs7 137000000 137999999 3108
hs7 138000000 138999999 2775
hs7 139000000 139999999 2832
hs7 140000000 140999999 2208
hs7 141000000 141999999 3507
hs7 142000000 142999999 3190
hs7 143000000 143999999 2992
hs7 144000000 144999999 3140
hs7 145000000 145999999 3178
hs7 146000000 146999999 3617
hs7 147000000 147999999 3772
hs7 148000000 148999999 3016
hs7 149000000 149999999 5106
hs7 150000000 150999999 3249
hs7 151000000 151999999 3853
hs7 152000000 152999999 4427
hs7 153000000 153999999 4054
hs7 154000000 154999999 4126
hs7 155000000 155999999 3775
hs7 156000000 156999999 3377
hs7 157000000 157999999 4467
hs7 158000000 158999999 3057
hs7_random 0 999999 755
hs8_random 0 999999 2746
hs8 0 999999 5343
hs8 1000000 1999999 5526
hs8 2000000 2999999 6195
hs8 3000000 3999999 8520
hs8 4000000 4999999 6456
hs8 5000000 5999999 7014
hs8 6000000 6999999 7073
hs8 7000000 7999999 5413
hs8 8000000 8999999 5467
hs8 9000000 9999999 4372
hs8 10000000 10999999 4519
hs8 11000000 11999999 4798
hs8 12000000 12999999 7138
hs8 13000000 13999999 5954
hs8 14000000 14999999 5177
hs8 15000000 15999999 4851
hs8 16000000 16999999 4311
hs8 17000000 17999999 5537
hs8 18000000 18999999 4998
hs8 19000000 19999999 4281
hs8 20000000 20999999 3533
hs8 21000000 21999999 3314
hs8 22000000 22999999 2801
hs8 23000000 23999999 3780
hs8 24000000 24999999 3149
hs8 25000000 25999999 3242
hs8 26000000 26999999 3575
hs8 27000000 27999999 3779
hs8 28000000 28999999 2520
hs8 29000000 29999999 2636
hs8 30000000 30999999 3112
hs8 31000000 31999999 3274
hs8 32000000 32999999 3153
hs8 33000000 33999999 2794
hs8 34000000 34999999 3016
hs8 35000000 35999999 2305
hs8 36000000 36999999 2152
hs8 37000000 37999999 2842
hs8 38000000 38999999 2406
hs8 39000000 39999999 2817
hs8 40000000 40999999 3827
hs8 41000000 41999999 2799
hs8 42000000 42999999 2482
hs8 43000000 43999999 2070
hs8 46000000 46999999 1146
hs8 47000000 47999999 2475
hs8 48000000 48999999 2234
hs8 49000000 49999999 2661
hs8 50000000 50999999 3427
hs8 51000000 51999999 4552
hs8 52000000 52999999 3908
hs8 53000000 53999999 2945
hs8 54000000 54999999 4528
hs8 55000000 55999999 2987
hs8 56000000 56999999 3417
hs8 57000000 57999999 3498
hs8 58000000 58999999 3014
hs8 59000000 59999999 3272
hs8 60000000 60999999 2744
hs8 61000000 61999999 2681
hs8 62000000 62999999 3169
hs8 63000000 63999999 3135
hs8 64000000 64999999 2301
hs8 65000000 65999999 2076
hs8 66000000 66999999 2126
hs8 67000000 67999999 2010
hs8 68000000 68999999 2019
hs8 69000000 69999999 2796
hs8 70000000 70999999 3039
hs8 71000000 71999999 2480
hs8 72000000 72999999 2843
hs8 73000000 73999999 3197
hs8 74000000 74999999 2769
hs8 75000000 75999999 2644
hs8 76000000 76999999 2745
hs8 77000000 77999999 2233
hs8 78000000 78999999 2977
hs8 79000000 79999999 2334
hs8 80000000 80999999 2238
hs8 81000000 81999999 2149
hs8 82000000 82999999 2754
hs8 83000000 83999999 2667
hs8 84000000 84999999 3254
hs8 85000000 85999999 2299
hs8 86000000 86999999 3709
hs8 87000000 87999999 3686
hs8 88000000 88999999 4375
hs8 89000000 89999999 5490
hs8 90000000 90999999 5190
hs8 91000000 91999999 3184
hs8 92000000 92999999 4913
hs8 93000000 93999999 2268
hs8 94000000 94999999 2710
hs8 95000000 95999999 3183
hs8 96000000 96999999 4161
hs8 97000000 97999999 2741
hs8 98000000 98999999 3254
hs8 99000000 99999999 2549
hs8 100000000 100999999 1511
hs8 101000000 101999999 2842
hs8 102000000 102999999 2821
hs8 103000000 103999999 2823
hs8 104000000 104999999 3052
hs8 105000000 105999999 2747
hs8 106000000 106999999 2408
hs8 107000000 107999999 2663
hs8 108000000 108999999 2985
hs8 109000000 109999999 2726
hs8 110000000 110999999 2565
hs8 111000000 111999999 1873
hs8 112000000 112999999 2565
hs8 113000000 113999999 2346
hs8 114000000 114999999 2359
hs8 115000000 115999999 2713
hs8 116000000 116999999 2726
hs8 117000000 117999999 2367
hs8 118000000 118999999 2965
hs8 119000000 119999999 3829
hs8 120000000 120999999 3081
hs8 121000000 121999999 2656
hs8 122000000 122999999 3016
hs8 123000000 123999999 2513
hs8 124000000 124999999 2862
hs8 125000000 125999999 2967
hs8 126000000 126999999 2947
hs8 127000000 127999999 2902
hs8 128000000 128999999 3272
hs8 129000000 129999999 3008
hs8 130000000 130999999 2757
hs8 131000000 131999999 2856
hs8 132000000 132999999 2882
hs8 133000000 133999999 2925
hs8 134000000 134999999 3764
hs8 135000000 135999999 3361
hs8 136000000 136999999 2707
hs8 137000000 137999999 3345
hs8 138000000 138999999 3560
hs8 139000000 139999999 3322
hs8 140000000 140999999 3313
hs8 141000000 141999999 2527
hs8 142000000 142999999 3347
hs8 143000000 143999999 3878
hs8 144000000 144999999 3342
hs8 145000000 145999999 2560
hs8 146000000 146999999 1155
hs9_random 0 999999 2983
hs9_random 1000000 1999999 67
hs9 0 999999 9047
hs9 1000000 1999999 7650
hs9 2000000 2999999 4723
hs9 3000000 3999999 4717
hs9 4000000 4999999 7102
hs9 5000000 5999999 4667
hs9 6000000 6999999 5327
hs9 7000000 7999999 4914
hs9 8000000 8999999 4869
hs9 9000000 9999999 4791
hs9 10000000 10999999 4729
hs9 11000000 11999999 4936
hs9 12000000 12999999 4430
hs9 13000000 13999999 3823
hs9 14000000 14999999 4154
hs9 15000000 15999999 4118
hs9 16000000 16999999 4013
hs9 17000000 17999999 4390
hs9 18000000 18999999 4020
hs9 19000000 19999999 3552
hs9 20000000 20999999 2998
hs9 21000000 21999999 3520
hs9 22000000 22999999 3265
hs9 23000000 23999999 3327
hs9 24000000 24999999 2865
hs9 25000000 25999999 3913
hs9 26000000 26999999 3402
hs9 27000000 27999999 4290
hs9 28000000 28999999 3906
hs9 29000000 29999999 3893
hs9 30000000 30999999 3354
hs9 31000000 31999999 3775
hs9 32000000 32999999 3992
hs9 33000000 33999999 4106
hs9 34000000 34999999 2748
hs9 35000000 35999999 2436
hs9 36000000 36999999 3171
hs9 37000000 37999999 3072
hs9 38000000 38999999 4499
hs9 39000000 39999999 6296
hs9 40000000 40999999 6572
hs9 41000000 41999999 6809
hs9 42000000 42999999 15006
hs9 43000000 43999999 6830
hs9 44000000 44999999 6534
hs9 45000000 45999999 12406
hs9 46000000 46999999 10320
hs9 47000000 47999999 411
hs9 65000000 65999999 3474
hs9 66000000 66999999 11151
hs9 67000000 67999999 10524
hs9 68000000 68999999 11012
hs9 69000000 69999999 10748
hs9 70000000 70999999 4915
hs9 71000000 71999999 3588
hs9 72000000 72999999 3284
hs9 73000000 73999999 3004
hs9 74000000 74999999 3033
hs9 75000000 75999999 2771
hs9 76000000 76999999 2870
hs9 77000000 77999999 3888
hs9 78000000 78999999 4007
hs9 79000000 79999999 2713
hs9 80000000 80999999 3439
hs9 81000000 81999999 2844
hs9 82000000 82999999 4151
hs9 83000000 83999999 2438
hs9 84000000 84999999 2505
hs9 85000000 85999999 3388
hs9 86000000 86999999 3525
hs9 87000000 87999999 3018
hs9 88000000 88999999 3081
hs9 89000000 89999999 4152
hs9 90000000 90999999 3540
hs9 91000000 91999999 3512
hs9 92000000 92999999 3629
hs9 93000000 93999999 3329
hs9 94000000 94999999 2906
hs9 95000000 95999999 3686
hs9 96000000 96999999 3837
hs9 97000000 97999999 3134
hs9 98000000 98999999 3680
hs9 99000000 99999999 3355
hs9 100000000 100999999 3522
hs9 101000000 101999999 2340
hs9 102000000 102999999 3592
hs9 103000000 103999999 3950
hs9 104000000 104999999 4050
hs9 105000000 105999999 3457
hs9 106000000 106999999 3786
hs9 107000000 107999999 2913
hs9 108000000 108999999 2524
hs9 109000000 109999999 3541
hs9 110000000 110999999 3620
hs9 111000000 111999999 3063
hs9 112000000 112999999 3673
hs9 113000000 113999999 3321
hs9 114000000 114999999 3420
hs9 115000000 115999999 3080
hs9 116000000 116999999 3563
hs9 117000000 117999999 3207
hs9 118000000 118999999 3493
hs9 119000000 119999999 3160
hs9 120000000 120999999 2965
hs9 121000000 121999999 2985
hs9 122000000 122999999 2279
hs9 123000000 123999999 2848
hs9 124000000 124999999 2495
hs9 125000000 125999999 2773
hs9 126000000 126999999 2306
hs9 127000000 127999999 2765
hs9 128000000 128999999 2810
hs9 129000000 129999999 2667
hs9 130000000 130999999 3045
hs9 131000000 131999999 4374
hs9 132000000 132999999 3350
hs9 133000000 133999999 2894
hs9 134000000 134999999 3412
hs9 135000000 135999999 5012
hs9 136000000 136999999 3408
hs9 137000000 137999999 3934
hs9 138000000 138999999 3721
hs9 139000000 139999999 2947
hs9 140000000 140999999 1492
hs10 0 999999 3361
hs10 1000000 1999999 4828
hs10 2000000 2999999 4730
hs10 3000000 3999999 4523
hs10 4000000 4999999 4081
hs10 5000000 5999999 4289
hs10 6000000 6999999 4900
hs10 7000000 7999999 4038
hs10 8000000 8999999 4239
hs10 9000000 9999999 3235
hs10 10000000 10999999 3869
hs10 11000000 11999999 3593
hs10 12000000 12999999 4121
hs10 13000000 13999999 4374
hs10 14000000 14999999 4393
hs10 15000000 15999999 3870
hs10 16000000 16999999 3497
hs10 17000000 17999999 3853
hs10 18000000 18999999 3779
hs10 19000000 19999999 5209
hs10 20000000 20999999 4099
hs10 21000000 21999999 3122
hs10 22000000 22999999 2670
hs10 23000000 23999999 3450
hs10 24000000 24999999 3421
hs10 25000000 25999999 3557
hs10 26000000 26999999 4413
hs10 27000000 27999999 4705
hs10 28000000 28999999 3377
hs10 29000000 29999999 4655
hs10 30000000 30999999 4453
hs10 31000000 31999999 3033
hs10 32000000 32999999 3702
hs10 33000000 33999999 3368
hs10 34000000 34999999 3245
hs10 35000000 35999999 2687
hs10 36000000 36999999 3407
hs10 37000000 37999999 3658
hs10 38000000 38999999 5142
hs10 39000000 39999999 2091
hs10 41000000 41999999 4571
hs10 42000000 42999999 4221
hs10 43000000 43999999 3515
hs10 44000000 44999999 3852
hs10 45000000 45999999 3147
hs10 46000000 46999999 5562
hs10 47000000 47999999 3361
hs10 48000000 48999999 3050
hs10 49000000 49999999 3371
hs10 50000000 50999999 3434
hs10 51000000 51999999 4081
hs10 52000000 52999999 3827
hs10 53000000 53999999 4235
hs10 54000000 54999999 4802
hs10 55000000 55999999 5126
hs10 56000000 56999999 3377
hs10 57000000 57999999 4329
hs10 58000000 58999999 4114
hs10 59000000 59999999 3748
hs10 60000000 60999999 2907
hs10 61000000 61999999 3664
hs10 62000000 62999999 2904
hs10 63000000 63999999 2885
hs10 64000000 64999999 3055
hs10 65000000 65999999 3044
hs10 66000000 66999999 4113
hs10 67000000 67999999 4206
hs10 68000000 68999999 3366
hs10 69000000 69999999 3188
hs10 70000000 70999999 3802
hs10 71000000 71999999 3700
hs10 72000000 72999999 3705
hs10 73000000 73999999 3062
hs10 74000000 74999999 1977
hs10 75000000 75999999 2309
hs10 76000000 76999999 2149
hs10 77000000 77999999 2395
hs10 78000000 78999999 3136
hs10 79000000 79999999 3192
hs10 80000000 80999999 3480
hs10 81000000 81999999 6762
hs10 82000000 82999999 4291
hs10 83000000 83999999 4378
hs10 84000000 84999999 3596
hs10 85000000 85999999 4401
hs10 86000000 86999999 5183
hs10 87000000 87999999 4342
hs10 88000000 88999999 3846
hs10 89000000 89999999 3951
hs10 90000000 90999999 3253
hs10 91000000 91999999 3788
hs10 92000000 92999999 3115
hs10 93000000 93999999 2737
hs10 94000000 94999999 2784
hs10 95000000 95999999 3536
hs10 96000000 96999999 2947
hs10 97000000 97999999 2880
hs10 98000000 98999999 2916
hs10 99000000 99999999 2917
hs10 100000000 100999999 3568
hs10 101000000 101999999 3276
hs10 102000000 102999999 2918
hs10 103000000 103999999 2028
hs10 104000000 104999999 2666
hs10 105000000 105999999 2586
hs10 106000000 106999999 3083
hs10 107000000 107999999 3245
hs10 108000000 108999999 3481
hs10 109000000 109999999 3487
hs10 110000000 110999999 3484
hs10 111000000 111999999 3067
hs10 112000000 112999999 2944
hs10 113000000 113999999 3572
hs10 114000000 114999999 2466
hs10 115000000 115999999 3418
hs10 116000000 116999999 3032
hs10 117000000 117999999 3393
hs10 118000000 118999999 3068
hs10 119000000 119999999 3172
hs10 120000000 120999999 3538
hs10 121000000 121999999 3481
hs10 122000000 122999999 3944
hs10 123000000 123999999 3935
hs10 124000000 124999999 3356
hs10 125000000 125999999 3514
hs10 126000000 126999999 3533
hs10 127000000 127999999 4206
hs10 128000000 128999999 3422
hs10 129000000 129999999 4113
hs10 130000000 130999999 3656
hs10 131000000 131999999 3264
hs10 132000000 132999999 4756
hs10 133000000 133999999 4069
hs10 134000000 134999999 3832
hs10 135000000 135999999 2293
hs10_random 0 999999 248
hs11 0 999999 4970
hs11 1000000 1999999 4015
hs11 2000000 2999999 4596
hs11 3000000 3999999 6098
hs11 4000000 4999999 8564
hs11 5000000 5999999 8160
hs11 6000000 6999999 7094
hs11 7000000 7999999 8571
hs11 8000000 8999999 4698
hs11 9000000 9999999 4526
hs11 10000000 10999999 4176
hs11 11000000 11999999 4307
hs11 12000000 12999999 4053
hs11 13000000 13999999 4806
hs11 14000000 14999999 4100
hs11 15000000 15999999 2944
hs11 16000000 16999999 2772
hs11 17000000 17999999 3136
hs11 18000000 18999999 3685
hs11 19000000 19999999 3616
hs11 20000000 20999999 4045
hs11 21000000 21999999 4037
hs11 22000000 22999999 3468
hs11 23000000 23999999 4358
hs11 24000000 24999999 4451
hs11 25000000 25999999 4821
hs11 26000000 26999999 3926
hs11 27000000 27999999 2628
hs11 28000000 28999999 2492
hs11 29000000 29999999 2822
hs11 30000000 30999999 2822
hs11 31000000 31999999 2263
hs11 32000000 32999999 3203
hs11 33000000 33999999 2953
hs11 34000000 34999999 4049
hs11 35000000 35999999 3377
hs11 36000000 36999999 3682
hs11 37000000 37999999 3589
hs11 38000000 38999999 3557
hs11 39000000 39999999 3834
hs11 40000000 40999999 3003
hs11 41000000 41999999 3437
hs11 42000000 42999999 3199
hs11 43000000 43999999 3090
hs11 44000000 44999999 3235
hs11 45000000 45999999 2788
hs11 46000000 46999999 1758
hs11 47000000 47999999 2550
hs11 48000000 48999999 4635
hs11 49000000 49999999 4216
hs11 50000000 50999999 3569
hs11 51000000 51999999 4044
hs11 54000000 54999999 2505
hs11 55000000 55999999 4578
hs11 56000000 56999999 3872
hs11 57000000 57999999 3749
hs11 58000000 58999999 3256
hs11 59000000 59999999 3094
hs11 60000000 60999999 3228
hs11 61000000 61999999 3705
hs11 62000000 62999999 2972
hs11 63000000 63999999 3044
hs11 64000000 64999999 2685
hs11 65000000 65999999 2916
hs11 66000000 66999999 2123
hs11 67000000 67999999 4983
hs11 68000000 68999999 3346
hs11 69000000 69999999 3661
hs11 70000000 70999999 3834
hs11 71000000 71999999 3362
hs11 72000000 72999999 2197
hs11 73000000 73999999 3181
hs11 74000000 74999999 2961
hs11 75000000 75999999 2643
hs11 76000000 76999999 3389
hs11 77000000 77999999 3372
hs11 78000000 78999999 3462
hs11 79000000 79999999 3243
hs11 80000000 80999999 3554
hs11 81000000 81999999 3565
hs11 82000000 82999999 3340
hs11 83000000 83999999 3077
hs11 84000000 84999999 2403
hs11 85000000 85999999 3154
hs11 86000000 86999999 4000
hs11 87000000 87999999 3949
hs11 88000000 88999999 4567
hs11 89000000 89999999 4369
hs11 90000000 90999999 3947
hs11 91000000 91999999 3659
hs11 92000000 92999999 3280
hs11 93000000 93999999 3934
hs11 94000000 94999999 3137
hs11 95000000 95999999 3220
hs11 96000000 96999999 4167
hs11 97000000 97999999 4530
hs11 98000000 98999999 5149
hs11 99000000 99999999 5111
hs11 100000000 100999999 4272
hs11 101000000 101999999 4087
hs11 102000000 102999999 4978
hs11 103000000 103999999 3663
hs11 104000000 104999999 3281
hs11 105000000 105999999 2857
hs11 106000000 106999999 3872
hs11 107000000 107999999 3753
hs11 108000000 108999999 2913
hs11 109000000 109999999 3108
hs11 110000000 110999999 3423
hs11 111000000 111999999 2593
hs11 112000000 112999999 3095
hs11 113000000 113999999 3300
hs11 114000000 114999999 3068
hs11 115000000 115999999 3269
hs11 116000000 116999999 3785
hs11 117000000 117999999 3729
hs11 118000000 118999999 3565
hs11 119000000 119999999 3452
hs11 120000000 120999999 3315
hs11 121000000 121999999 3133
hs11 122000000 122999999 3552
hs11 123000000 123999999 4124
hs11 124000000 124999999 3039
hs11 125000000 125999999 3772
hs11 126000000 126999999 3407
hs11 127000000 127999999 2949
hs11 128000000 128999999 3011
hs11 129000000 129999999 3122
hs11 130000000 130999999 3429
hs11 131000000 131999999 3220
hs11 132000000 132999999 2851
hs11 133000000 133999999 3141
hs11 134000000 134999999 2066
hs11_random 0 999999 263
hs12 0 999999 3901
hs12 1000000 1999999 3319
hs12 2000000 2999999 3267
hs12 3000000 3999999 3885
hs12 4000000 4999999 3590
hs12 5000000 5999999 3650
hs12 6000000 6999999 3609
hs12 7000000 7999999 3987
hs12 8000000 8999999 4453
hs12 9000000 9999999 5048
hs12 10000000 10999999 4851
hs12 11000000 11999999 5155
hs12 12000000 12999999 3433
hs12 13000000 13999999 4245
hs12 14000000 14999999 3239
hs12 15000000 15999999 2734
hs12 16000000 16999999 3189
hs12 17000000 17999999 3998
hs12 18000000 18999999 3255
hs12 19000000 19999999 4004
hs12 20000000 20999999 4135
hs12 21000000 21999999 4554
hs12 22000000 22999999 3162
hs12 23000000 23999999 2889
hs12 24000000 24999999 3596
hs12 25000000 25999999 3922
hs12 26000000 26999999 3327
hs12 27000000 27999999 3331
hs12 28000000 28999999 3190
hs12 29000000 29999999 3973
hs12 30000000 30999999 4522
hs12 31000000 31999999 4728
hs12 32000000 32999999 4320
hs12 33000000 33999999 3619
hs12 34000000 34999999 2672
hs12 36000000 36999999 4824
hs12 37000000 37999999 4916
hs12 38000000 38999999 5871
hs12 39000000 39999999 4863
hs12 40000000 40999999 5830
hs12 41000000 41999999 4175
hs12 42000000 42999999 5488
hs12 43000000 43999999 4234
hs12 44000000 44999999 2950
hs12 45000000 45999999 3123
hs12 46000000 46999999 3706
hs12 47000000 47999999 2854
hs12 48000000 48999999 2400
hs12 49000000 49999999 3010
hs12 50000000 50999999 3134
hs12 51000000 51999999 4065
hs12 52000000 52999999 2918
hs12 53000000 53999999 3445
hs12 54000000 54999999 2699
hs12 55000000 55999999 2734
hs12 56000000 56999999 2812
hs12 57000000 57999999 3169
hs12 58000000 58999999 2816
hs12 59000000 59999999 3070
hs12 60000000 60999999 3239
hs12 61000000 61999999 3272
hs12 62000000 62999999 3788
hs12 63000000 63999999 2602
hs12 64000000 64999999 2557
hs12 65000000 65999999 3389
hs12 66000000 66999999 3313
hs12 67000000 67999999 3060
hs12 68000000 68999999 3418
hs12 69000000 69999999 3380
hs12 70000000 70999999 2991
hs12 71000000 71999999 2788
hs12 72000000 72999999 2815
hs12 73000000 73999999 3130
hs12 74000000 74999999 2330
hs12 75000000 75999999 2781
hs12 76000000 76999999 4510
hs12 77000000 77999999 3393
hs12 78000000 78999999 2494
hs12 79000000 79999999 4190
hs12 80000000 80999999 3121
hs12 81000000 81999999 3113
hs12 82000000 82999999 3951
hs12 83000000 83999999 3179
hs12 84000000 84999999 3010
hs12 85000000 85999999 2774
hs12 86000000 86999999 2799
hs12 87000000 87999999 2147
hs12 88000000 88999999 2306
hs12 89000000 89999999 3177
hs12 90000000 90999999 3037
hs12 91000000 91999999 3118
hs12 92000000 92999999 3324
hs12 93000000 93999999 3431
hs12 94000000 94999999 3774
hs12 95000000 95999999 2904
hs12 96000000 96999999 3058
hs12 97000000 97999999 2770
hs12 98000000 98999999 2839
hs12 99000000 99999999 2662
hs12 100000000 100999999 3103
hs12 101000000 101999999 2786
hs12 102000000 102999999 3422
hs12 103000000 103999999 3372
hs12 104000000 104999999 3413
hs12 105000000 105999999 2472
hs12 106000000 106999999 3189
hs12 107000000 107999999 2732
hs12 108000000 108999999 2731
hs12 109000000 109999999 1784
hs12 110000000 110999999 2094
hs12 111000000 111999999 2332
hs12 112000000 112999999 3262
hs12 113000000 113999999 3557
hs12 114000000 114999999 3438
hs12 115000000 115999999 2788
hs12 116000000 116999999 3809
hs12 117000000 117999999 3007
hs12 118000000 118999999 2926
hs12 119000000 119999999 3085
hs12 120000000 120999999 2994
hs12 121000000 121999999 2414
hs12 122000000 122999999 2695
hs12 123000000 123999999 3791
hs12 124000000 124999999 3507
hs12 125000000 125999999 3820
hs12 126000000 126999999 4366
hs12 127000000 127999999 4365
hs12 128000000 128999999 4220
hs12 129000000 129999999 4768
hs12 130000000 130999999 4524
hs12 131000000 131999999 3732
hs12 132000000 132999999 920
hs13_random 0 999999 333
hs13 17000000 17999999 1178
hs13 18000000 18999999 7841
hs13 19000000 19999999 4289
hs13 20000000 20999999 3853
hs13 21000000 21999999 4563
hs13 22000000 22999999 5147
hs13 23000000 23999999 5066
hs13 24000000 24999999 4815
hs13 25000000 25999999 4329
hs13 26000000 26999999 3681
hs13 27000000 27999999 3427
hs13 28000000 28999999 4553
hs13 29000000 29999999 5883
hs13 30000000 30999999 4661
hs13 31000000 31999999 3528
hs13 32000000 32999999 3393
hs13 33000000 33999999 4648
hs13 34000000 34999999 2611
hs13 35000000 35999999 4372
hs13 36000000 36999999 3719
hs13 37000000 37999999 4043
hs13 38000000 38999999 4034
hs13 39000000 39999999 3826
hs13 40000000 40999999 3235
hs13 41000000 41999999 3482
hs13 42000000 42999999 3384
hs13 43000000 43999999 3283
hs13 44000000 44999999 2591
hs13 45000000 45999999 3678
hs13 46000000 46999999 3268
hs13 47000000 47999999 3506
hs13 48000000 48999999 2586
hs13 49000000 49999999 3100
hs13 50000000 50999999 2895
hs13 51000000 51999999 2437
hs13 52000000 52999999 3248
hs13 53000000 53999999 2887
hs13 54000000 54999999 3204
hs13 55000000 55999999 3001
hs13 56000000 56999999 2480
hs13 57000000 57999999 2579
hs13 58000000 58999999 3488
hs13 59000000 59999999 2557
hs13 60000000 60999999 3725
hs13 61000000 61999999 3303
hs13 62000000 62999999 3464
hs13 63000000 63999999 4133
hs13 64000000 64999999 2711
hs13 65000000 65999999 2695
hs13 66000000 66999999 2897
hs13 67000000 67999999 2482
hs13 68000000 68999999 3834
hs13 69000000 69999999 3753
hs13 70000000 70999999 3233
hs13 71000000 71999999 3029
hs13 72000000 72999999 3258
hs13 73000000 73999999 3201
hs13 74000000 74999999 3174
hs13 75000000 75999999 3728
hs13 76000000 76999999 2743
hs13 77000000 77999999 3417
hs13 78000000 78999999 3373
hs13 79000000 79999999 2850
hs13 80000000 80999999 3273
hs13 81000000 81999999 3140
hs13 82000000 82999999 3307
hs13 83000000 83999999 3141
hs13 84000000 84999999 4102
hs13 85000000 85999999 3990
hs13 86000000 86999999 2810
hs13 87000000 87999999 2791
hs13 88000000 88999999 3252
hs13 89000000 89999999 4044
hs13 90000000 90999999 3342
hs13 91000000 91999999 3731
hs13 92000000 92999999 4209
hs13 93000000 93999999 3166
hs13 94000000 94999999 4290
hs13 95000000 95999999 2660
hs13 96000000 96999999 2333
hs13 97000000 97999999 3974
hs13 98000000 98999999 3477
hs13 99000000 99999999 3121
hs13 100000000 100999999 3885
hs13 101000000 101999999 3226
hs13 102000000 102999999 3928
hs13 103000000 103999999 4092
hs13 104000000 104999999 3898
hs13 105000000 105999999 3804
hs13 106000000 106999999 3563
hs13 107000000 107999999 3904
hs13 108000000 108999999 4107
hs13 109000000 109999999 4278
hs13 110000000 110999999 4046
hs13 111000000 111999999 3162
hs13 112000000 112999999 4428
hs13 113000000 113999999 3466
hs13 114000000 114999999 573
hs14 18000000 18999999 9025
hs14 19000000 19999999 8130
hs14 20000000 20999999 4435
hs14 21000000 21999999 5187
hs14 22000000 22999999 3890
hs14 23000000 23999999 5600
hs14 24000000 24999999 6247
hs14 25000000 25999999 4171
hs14 26000000 26999999 4269
hs14 27000000 27999999 3870
hs14 28000000 28999999 2447
hs14 29000000 29999999 3707
hs14 30000000 30999999 3648
hs14 31000000 31999999 3302
hs14 32000000 32999999 3728
hs14 33000000 33999999 3453
hs14 34000000 34999999 3111
hs14 35000000 35999999 2598
hs14 36000000 36999999 3287
hs14 37000000 37999999 2753
hs14 38000000 38999999 2867
hs14 39000000 39999999 3188
hs14 40000000 40999999 3864
hs14 41000000 41999999 2868
hs14 42000000 42999999 2885
hs14 43000000 43999999 2641
hs14 44000000 44999999 2094
hs14 45000000 45999999 3062
hs14 46000000 46999999 2801
hs14 47000000 47999999 3276
hs14 48000000 48999999 2658
hs14 49000000 49999999 2695
hs14 50000000 50999999 2975
hs14 51000000 51999999 3869
hs14 52000000 52999999 2455
hs14 53000000 53999999 2631
hs14 54000000 54999999 2441
hs14 55000000 55999999 3437
hs14 56000000 56999999 3031
hs14 57000000 57999999 2743
hs14 58000000 58999999 3247
hs14 59000000 59999999 2279
hs14 60000000 60999999 2337
hs14 61000000 61999999 3070
hs14 62000000 62999999 2945
hs14 63000000 63999999 2521
hs14 64000000 64999999 2737
hs14 65000000 65999999 2115
hs14 66000000 66999999 1951
hs14 67000000 67999999 2816
hs14 68000000 68999999 2842
hs14 69000000 69999999 2676
hs14 70000000 70999999 2520
hs14 71000000 71999999 2862
hs14 72000000 72999999 2825
hs14 73000000 73999999 2990
hs14 74000000 74999999 2558
hs14 75000000 75999999 2589
hs14 76000000 76999999 3315
hs14 77000000 77999999 3479
hs14 78000000 78999999 2473
hs14 79000000 79999999 2580
hs14 80000000 80999999 2757
hs14 81000000 81999999 2681
hs14 82000000 82999999 2884
hs14 83000000 83999999 2986
hs14 84000000 84999999 2837
hs14 85000000 85999999 3463
hs14 86000000 86999999 2564
hs14 87000000 87999999 3063
hs14 88000000 88999999 2775
hs14 89000000 89999999 3448
hs14 90000000 90999999 2818
hs14 91000000 91999999 3413
hs14 92000000 92999999 3060
hs14 93000000 93999999 3218
hs14 94000000 94999999 3671
hs14 95000000 95999999 3561
hs14 96000000 96999999 2685
hs14 97000000 97999999 3780
hs14 98000000 98999999 3838
hs14 99000000 99999999 2707
hs14 100000000 100999999 2917
hs14 101000000 101999999 2537
hs14 102000000 102999999 3309
hs14 103000000 103999999 3158
hs14 104000000 104999999 3108
hs14 105000000 105999999 5347
hs14 106000000 106999999 2499
hs15 18000000 18999999 6472
hs15 19000000 19999999 7730
hs15 20000000 20999999 4609
hs15 21000000 21999999 4362
hs15 22000000 22999999 5139
hs15 23000000 23999999 3826
hs15 24000000 24999999 3104
hs15 25000000 25999999 2967
hs15 26000000 26999999 3750
hs15 27000000 27999999 3148
hs15 28000000 28999999 5638
hs15 29000000 29999999 3715
hs15 30000000 30999999 4395
hs15 31000000 31999999 4305
hs15 32000000 32999999 4006
hs15 33000000 33999999 2664
hs15 34000000 34999999 3483
hs15 35000000 35999999 3641
hs15 36000000 36999999 3186
hs15 37000000 37999999 3937
hs15 38000000 38999999 2905
hs15 39000000 39999999 2386
hs15 40000000 40999999 2720
hs15 41000000 41999999 2462
hs15 42000000 42999999 2653
hs15 43000000 43999999 3234
hs15 44000000 44999999 3163
hs15 45000000 45999999 3204
hs15 46000000 46999999 2555
hs15 47000000 47999999 2650
hs15 48000000 48999999 3311
hs15 49000000 49999999 3172
hs15 50000000 50999999 3048
hs15 51000000 51999999 3890
hs15 52000000 52999999 4177
hs15 53000000 53999999 3389
hs15 54000000 54999999 2816
hs15 55000000 55999999 3837
hs15 56000000 56999999 3669
hs15 57000000 57999999 3259
hs15 58000000 58999999 3219
hs15 59000000 59999999 3272
hs15 60000000 60999999 3193
hs15 61000000 61999999 2899
hs15 62000000 62999999 2271
hs15 63000000 63999999 2172
hs15 64000000 64999999 3230
hs15 65000000 65999999 2836
hs15 66000000 66999999 2882
hs15 67000000 67999999 2800
hs15 68000000 68999999 2836
hs15 69000000 69999999 2841
hs15 70000000 70999999 2473
hs15 71000000 71999999 2348
hs15 72000000 72999999 2721
hs15 73000000 73999999 2558
hs15 74000000 74999999 2364
hs15 75000000 75999999 2432
hs15 76000000 76999999 3514
hs15 77000000 77999999 3722
hs15 78000000 78999999 2901
hs15 79000000 79999999 2624
hs15 80000000 80999999 4361
hs15 81000000 81999999 1942
hs15 82000000 82999999 3413
hs15 83000000 83999999 3587
hs15 84000000 84999999 3747
hs15 85000000 85999999 3665
hs15 86000000 86999999 2732
hs15 87000000 87999999 3256
hs15 88000000 88999999 3499
hs15 89000000 89999999 3611
hs15 90000000 90999999 3482
hs15 91000000 91999999 4288
hs15 92000000 92999999 3300
hs15 93000000 93999999 3100
hs15 94000000 94999999 2758
hs15 95000000 95999999 2993
hs15 96000000 96999999 3839
hs15 97000000 97999999 3228
hs15 98000000 98999999 4592
hs15 99000000 99999999 4007
hs15 100000000 100999999 1597
hs15_random 0 999999 2499
hs16 0 999999 4635
hs16 1000000 1999999 4457
hs16 2000000 2999999 3209
hs16 3000000 3999999 3223
hs16 4000000 4999999 3531
hs16 5000000 5999999 5487
hs16 6000000 6999999 5990
hs16 7000000 7999999 5628
hs16 8000000 8999999 5314
hs16 9000000 9999999 4185
hs16 10000000 10999999 4481
hs16 11000000 11999999 4327
hs16 12000000 12999999 4800
hs16 13000000 13999999 4060
hs16 14000000 14999999 2694
hs16 15000000 15999999 3476
hs16 16000000 16999999 4916
hs16 17000000 17999999 3043
hs16 18000000 18999999 4143
hs16 19000000 19999999 3127
hs16 20000000 20999999 3302
hs16 21000000 21999999 4066
hs16 22000000 22999999 3208
hs16 23000000 23999999 2910
hs16 24000000 24999999 3084
hs16 25000000 25999999 3295
hs16 26000000 26999999 3458
hs16 27000000 27999999 2870
hs16 28000000 28999999 3658
hs16 29000000 29999999 4253
hs16 30000000 30999999 1836
hs16 31000000 31999999 2857
hs16 32000000 32999999 8604
hs16 33000000 33999999 6867
hs16 34000000 34999999 1743
hs16 35000000 35999999 245
hs16 44000000 44999999 12299
hs16 45000000 45999999 2106
hs16 46000000 46999999 2036
hs16 47000000 47999999 3135
hs16 48000000 48999999 2765
hs16 49000000 49999999 2945
hs16 50000000 50999999 3043
hs16 51000000 51999999 3206
hs16 52000000 52999999 3122
hs16 53000000 53999999 3299
hs16 54000000 54999999 4078
hs16 55000000 55999999 3096
hs16 56000000 56999999 3162
hs16 57000000 57999999 3618
hs16 58000000 58999999 3287
hs16 59000000 59999999 2786
hs16 60000000 60999999 2669
hs16 61000000 61999999 2869
hs16 62000000 62999999 2617
hs16 63000000 63999999 2783
hs16 64000000 64999999 3004
hs16 65000000 65999999 1963
hs16 66000000 66999999 1688
hs16 67000000 67999999 2500
hs16 68000000 68999999 3527
hs16 69000000 69999999 4915
hs16 70000000 70999999 2607
hs16 71000000 71999999 2491
hs16 72000000 72999999 3217
hs16 73000000 73999999 3581
hs16 74000000 74999999 3321
hs16 75000000 75999999 4308
hs16 76000000 76999999 5227
hs16 77000000 77999999 5973
hs16 78000000 78999999 4336
hs16 79000000 79999999 4990
hs16 80000000 80999999 4781
hs16 81000000 81999999 5279
hs16 82000000 82999999 5431
hs16 83000000 83999999 5008
hs16 84000000 84999999 4684
hs16 85000000 85999999 4445
hs16 86000000 86999999 4497
hs16 87000000 87999999 3991
hs16 88000000 88999999 4046
hs16_random 0 999999 162
hs17 0 999999 4455
hs17 1000000 1999999 3584
hs17 2000000 2999999 3056
hs17 3000000 3999999 4415
hs17 4000000 4999999 3281
hs17 5000000 5999999 3700
hs17 6000000 6999999 3617
hs17 7000000 7999999 2889
hs17 8000000 8999999 2906
hs17 9000000 9999999 3628
hs17 10000000 10999999 3162
hs17 11000000 11999999 3097
hs17 12000000 12999999 3456
hs17 13000000 13999999 3585
hs17 14000000 14999999 4174
hs17 15000000 15999999 3912
hs17 16000000 16999999 3675
hs17 17000000 17999999 2473
hs17 18000000 18999999 3946
hs17 19000000 19999999 2306
hs17 20000000 20999999 3986
hs17 21000000 21999999 4701
hs17 22000000 22999999 6448
hs17 23000000 23999999 2278
hs17 24000000 24999999 2022
hs17 25000000 25999999 2090
hs17 26000000 26999999 3273
hs17 27000000 27999999 2933
hs17 28000000 28999999 3190
hs17 29000000 29999999 3763
hs17 30000000 30999999 2924
hs17 31000000 31999999 3508
hs17 32000000 32999999 2711
hs17 33000000 33999999 3763
hs17 34000000 34999999 2643
hs17 35000000 35999999 2416
hs17 36000000 36999999 3912
hs17 37000000 37999999 2407
hs17 38000000 38999999 2547
hs17 39000000 39999999 2676
hs17 40000000 40999999 2949
hs17 41000000 41999999 4318
hs17 42000000 42999999 3009
hs17 43000000 43999999 2616
hs17 44000000 44999999 2868
hs17 45000000 45999999 2406
hs17 46000000 46999999 2653
hs17 47000000 47999999 2726
hs17 48000000 48999999 3082
hs17 49000000 49999999 2564
hs17 50000000 50999999 3297
hs17 51000000 51999999 2877
hs17 52000000 52999999 2761
hs17 53000000 53999999 2641
hs17 54000000 54999999 1968
hs17 55000000 55999999 2247
hs17 56000000 56999999 2135
hs17 57000000 57999999 2802
hs17 58000000 58999999 1965
hs17 59000000 59999999 2714
hs17 60000000 60999999 3078
hs17 61000000 61999999 3619
hs17 62000000 62999999 2742
hs17 63000000 63999999 2623
hs17 64000000 64999999 2765
hs17 65000000 65999999 2873
hs17 66000000 66999999 3354
hs17 67000000 67999999 2800
hs17 68000000 68999999 3524
hs17 69000000 69999999 3423
hs17 70000000 70999999 2897
hs17 71000000 71999999 2821
hs17 72000000 72999999 3666
hs17 73000000 73999999 3414
hs17 74000000 74999999 3685
hs17 75000000 75999999 2692
hs17 76000000 76999999 3685
hs17 77000000 77999999 2662
hs17 78000000 78999999 2558
hs17_random 0 999999 1779
hs17_random 1000000 1999999 4428
hs17_random 2000000 2999999 264
hs18 0 999999 4880
hs18 1000000 1999999 3502
hs18 2000000 2999999 4004
hs18 3000000 3999999 3872
hs18 4000000 4999999 3517
hs18 5000000 5999999 3455
hs18 6000000 6999999 3684
hs18 7000000 7999999 3357
hs18 8000000 8999999 3855
hs18 9000000 9999999 3295
hs18 10000000 10999999 4510
hs18 11000000 11999999 3942
hs18 12000000 12999999 3482
hs18 13000000 13999999 3391
hs18 14000000 14999999 5816
hs18 15000000 15999999 3484
hs18 16000000 16999999 693
hs18 17000000 17999999 2277
hs18 18000000 18999999 3191
hs18 19000000 19999999 2735
hs18 20000000 20999999 3839
hs18 21000000 21999999 2970
hs18 22000000 22999999 3691
hs18 23000000 23999999 3903
hs18 24000000 24999999 3851
hs18 25000000 25999999 3065
hs18 26000000 26999999 3278
hs18 27000000 27999999 3357
hs18 28000000 28999999 2972
hs18 29000000 29999999 2419
hs18 30000000 30999999 2667
hs18 31000000 31999999 2587
hs18 32000000 32999999 2664
hs18 33000000 33999999 2646
hs18 34000000 34999999 2757
hs18 35000000 35999999 2411
hs18 36000000 36999999 3197
hs18 37000000 37999999 2831
hs18 38000000 38999999 2914
hs18 39000000 39999999 2770
hs18 40000000 40999999 2177
hs18 41000000 41999999 3394
hs18 42000000 42999999 2579
hs18 43000000 43999999 2907
hs18 44000000 44999999 2828
hs18 45000000 45999999 3376
hs18 46000000 46999999 2927
hs18 47000000 47999999 3021
hs18 48000000 48999999 3795
hs18 49000000 49999999 3354
hs18 50000000 50999999 2888
hs18 51000000 51999999 2330
hs18 52000000 52999999 2879
hs18 53000000 53999999 3851
hs18 54000000 54999999 3389
hs18 55000000 55999999 3990
hs18 56000000 56999999 3014
hs18 57000000 57999999 3244
hs18 58000000 58999999 2767
hs18 59000000 59999999 3593
hs18 60000000 60999999 3531
hs18 61000000 61999999 3723
hs18 62000000 62999999 2839
hs18 63000000 63999999 3865
hs18 64000000 64999999 3612
hs18 65000000 65999999 3376
hs18 66000000 66999999 3523
hs18 67000000 67999999 3635
hs18 68000000 68999999 3907
hs18 69000000 69999999 3878
hs18 70000000 70999999 3234
hs18 71000000 71999999 3996
hs18 72000000 72999999 3727
hs18 73000000 73999999 4256
hs18 74000000 74999999 4146
hs18 75000000 75999999 3707
hs18 76000000 76999999 297
hs19_random 0 999999 504
hs19 0 999999 6103
hs19 1000000 1999999 3121
hs19 2000000 2999999 3638
hs19 3000000 3999999 3415
hs19 4000000 4999999 3539
hs19 5000000 5999999 3109
hs19 6000000 6999999 4072
hs19 7000000 7999999 3890
hs19 8000000 8999999 4266
hs19 9000000 9999999 3120
hs19 10000000 10999999 2619
hs19 11000000 11999999 3328
hs19 12000000 12999999 2788
hs19 13000000 13999999 3043
hs19 14000000 14999999 3501
hs19 15000000 15999999 3983
hs19 16000000 16999999 2878
hs19 17000000 17999999 3215
hs19 18000000 18999999 2919
hs19 19000000 19999999 2401
hs19 20000000 20999999 4670
hs19 21000000 21999999 4023
hs19 22000000 22999999 4073
hs19 23000000 23999999 3965
hs19 24000000 24999999 2078
hs19 32000000 32999999 2277
hs19 33000000 33999999 3702
hs19 34000000 34999999 3849
hs19 35000000 35999999 2764
hs19 36000000 36999999 2528
hs19 37000000 37999999 2835
hs19 38000000 38999999 3202
hs19 39000000 39999999 2855
hs19 40000000 40999999 3227
hs19 41000000 41999999 2983
hs19 42000000 42999999 2719
hs19 43000000 43999999 2755
hs19 44000000 44999999 3291
hs19 45000000 45999999 2751
hs19 46000000 46999999 3463
hs19 47000000 47999999 1937
hs19 48000000 48999999 4777
hs19 49000000 49999999 3583
hs19 50000000 50999999 3360
hs19 51000000 51999999 3003
hs19 52000000 52999999 2574
hs19 53000000 53999999 4339
hs19 54000000 54999999 3485
hs19 55000000 55999999 3848
hs19 56000000 56999999 4284
hs19 57000000 57999999 4277
hs19 58000000 58999999 5264
hs19 59000000 59999999 4897
hs19 60000000 60999999 4093
hs19 61000000 61999999 4009
hs19 62000000 62999999 3096
hs19 63000000 63999999 2620
hs20 0 999999 5170
hs20 1000000 1999999 4368
hs20 2000000 2999999 4537
hs20 3000000 3999999 4561
hs20 4000000 4999999 5187
hs20 5000000 5999999 4914
hs20 6000000 6999999 4826
hs20 7000000 7999999 4435
hs20 8000000 8999999 4567
hs20 9000000 9999999 4200
hs20 10000000 10999999 4172
hs20 11000000 11999999 4351
hs20 12000000 12999999 4816
hs20 13000000 13999999 3861
hs20 14000000 14999999 3727
hs20 15000000 15999999 4767
hs20 16000000 16999999 4807
hs20 17000000 17999999 4495
hs20 18000000 18999999 4507
hs20 19000000 19999999 4623
hs20 20000000 20999999 3552
hs20 21000000 21999999 3274
hs20 22000000 22999999 4306
hs20 23000000 23999999 5238
hs20 24000000 24999999 4511
hs20 25000000 25999999 5116
hs20 26000000 26999999 1560
hs20 28000000 28999999 4238
hs20 29000000 29999999 2556
hs20 30000000 30999999 3366
hs20 31000000 31999999 3649
hs20 32000000 32999999 2929
hs20 33000000 33999999 3523
hs20 34000000 34999999 2944
hs20 35000000 35999999 3922
hs20 36000000 36999999 3807
hs20 37000000 37999999 3870
hs20 38000000 38999999 3916
hs20 39000000 39999999 3249
hs20 40000000 40999999 4335
hs20 41000000 41999999 3970
hs20 42000000 42999999 3700
hs20 43000000 43999999 4980
hs20 44000000 44999999 4000
hs20 45000000 45999999 4544
hs20 46000000 46999999 4616
hs20 47000000 47999999 4017
hs20 48000000 48999999 4044
hs20 49000000 49999999 4415
hs20 50000000 50999999 4136
hs20 51000000 51999999 4389
hs20 52000000 52999999 5235
hs20 53000000 53999999 5255
hs20 54000000 54999999 4404
hs20 55000000 55999999 4850
hs20 56000000 56999999 3842
hs20 57000000 57999999 4117
hs20 58000000 58999999 4670
hs20 59000000 59999999 4938
hs20 60000000 60999999 4266
hs20 61000000 61999999 4777
hs20 62000000 62999999 1976
hs21 9000000 9999999 3830
hs21 10000000 10999999 6399
hs21 13000000 13999999 7603
hs21 14000000 14999999 6543
hs21 15000000 15999999 3377
hs21 16000000 16999999 3151
hs21 17000000 17999999 3978
hs21 18000000 18999999 3681
hs21 19000000 19999999 4113
hs21 20000000 20999999 4203
hs21 21000000 21999999 3680
hs21 22000000 22999999 3595
hs21 23000000 23999999 3603
hs21 24000000 24999999 4119
hs21 25000000 25999999 2827
hs21 26000000 26999999 3494
hs21 27000000 27999999 4016
hs21 28000000 28999999 4185
hs21 29000000 29999999 3110
hs21 30000000 30999999 3184
hs21 31000000 31999999 3214
hs21 32000000 32999999 2882
hs21 33000000 33999999 3025
hs21 34000000 34999999 2978
hs21 35000000 35999999 3025
hs21 36000000 36999999 3135
hs21 37000000 37999999 3139
hs21 38000000 38999999 3016
hs21 39000000 39999999 3485
hs21 40000000 40999999 3889
hs21 41000000 41999999 3396
hs21 42000000 42999999 4062
hs21 43000000 43999999 3663
hs21 44000000 44999999 3869
hs21 45000000 45999999 3738
hs21 46000000 46999999 4128
hs21_random 0 999999 9401
hs21_random 1000000 1999999 5323
hs22_random 0 999999 511
hs22 14000000 14999999 7896
hs22 15000000 15999999 7155
hs22 16000000 16999999 4971
hs22 17000000 17999999 7647
hs22 18000000 18999999 5009
hs22 19000000 19999999 7430
hs22 20000000 20999999 6085
hs22 21000000 21999999 5486
hs22 22000000 22999999 5455
hs22 23000000 23999999 4786
hs22 24000000 24999999 4451
hs22 25000000 25999999 4755
hs22 26000000 26999999 3955
hs22 27000000 27999999 3158
hs22 28000000 28999999 3392
hs22 29000000 29999999 3577
hs22 30000000 30999999 3291
hs22 31000000 31999999 4643
hs22 32000000 32999999 4400
hs22 33000000 33999999 4937
hs22 34000000 34999999 3960
hs22 35000000 35999999 4590
hs22 36000000 36999999 3735
hs22 37000000 37999999 3848
hs22 38000000 38999999 2991
hs22 39000000 39999999 3137
hs22 40000000 40999999 3576
hs22 41000000 41999999 5007
hs22 42000000 42999999 4245
hs22 43000000 43999999 4952
hs22 44000000 44999999 4058
hs22 45000000 45999999 4990
hs22 46000000 46999999 4764
hs22 47000000 47999999 6644
hs22 48000000 48999999 5511
hs22 49000000 49999999 2611
