hsX 0 999999 16
hsX 1000000 1999999 7
hsX 2000000 2999999 19
hsX 3000000 3999999 23
hsX 6000000 6999999 16
hsX 7000000 7999999 7
hsX 8000000 8999999 21
hsX 9000000 9999999 2
hsX 11000000 11999999 1
hsX 12000000 12999999 1
hsX 13000000 13999999 2
hsX 14000000 14999999 9
hsX 15000000 15999999 4
hsX 17000000 17999999 5
hsX 21000000 21999999 1
hsX 22000000 22999999 2
hsX 23000000 23999999 2
hsX 24000000 24999999 3
hsX 25000000 25999999 1
hsX 26000000 26999999 4
hsX 27000000 27999999 7
hsX 30000000 30999999 2
hsX 32000000 32999999 10
hsX 34000000 34999999 6
hsX 36000000 36999999 11
hsX 37000000 37999999 2
hsX 38000000 38999999 1
hsX 39000000 39999999 3
hsX 40000000 40999999 3
hsX 41000000 41999999 5
hsX 43000000 43999999 8
hsX 44000000 44999999 21
hsX 45000000 45999999 3
hsX 46000000 46999999 4
hsX 47000000 47999999 83
hsX 48000000 48999999 78
hsX 49000000 49999999 12
hsX 50000000 50999999 3
hsX 51000000 51999999 10
hsX 52000000 52999999 77
hsX 53000000 53999999 7
hsX 54000000 54999999 1
hsX 55000000 55999999 7
hsX 56000000 56999999 2
hsX 57000000 57999999 2
hsX 62000000 62999999 2
hsX 63000000 63999999 2
hsX 64000000 64999999 8
hsX 65000000 65999999 5
hsX 67000000 67999999 3
hsX 68000000 68999999 9
hsX 69000000 69999999 1
hsX 70000000 70999999 11
hsX 71000000 71999999 12
hsX 72000000 72999999 5
hsX 73000000 73999999 16
hsX 74000000 74999999 5
hsX 75000000 75999999 5
hsX 77000000 77999999 7
hsX 79000000 79999999 1
hsX 80000000 80999999 5
hsX 82000000 82999999 4
hsX 83000000 83999999 3
hsX 84000000 84999999 1
hsX 86000000 86999999 12
hsX 88000000 88999999 5
hsX 89000000 89999999 7
hsX 90000000 90999999 9
hsX 91000000 91999999 17
hsX 92000000 92999999 8
hsX 93000000 93999999 1
hsX 94000000 94999999 2
hsX 95000000 95999999 1
hsX 98000000 98999999 2
hsX 99000000 99999999 31
hsX 100000000 100999999 35
hsX 101000000 101999999 20
hsX 102000000 102999999 3
hsX 103000000 103999999 8
hsX 104000000 104999999 2
hsX 105000000 105999999 2
hsX 106000000 106999999 1
hsX 107000000 107999999 2
hsX 108000000 108999999 2
hsX 109000000 109999999 1
hsX 110000000 110999999 3
hsX 111000000 111999999 1
hsX 113000000 113999999 2
hsX 114000000 114999999 3
hsX 115000000 115999999 7
hsX 116000000 116999999 2
hsX 117000000 117999999 2
hsX 118000000 118999999 18
hsX 119000000 119999999 8
hsX 120000000 120999999 4
hsX 122000000 122999999 2
hsX 123000000 123999999 5
hsX 126000000 126999999 1
hsX 128000000 128999999 1
hsX 129000000 129999999 1
hsX 130000000 130999999 2
hsX 132000000 132999999 5
hsX 133000000 133999999 16
hsX 134000000 134999999 19
hsX 135000000 135999999 2
hsX 136000000 136999999 1
hsX 138000000 138999999 8
hsX 139000000 139999999 9
hsX 140000000 140999999 23
hsX 142000000 142999999 6
hsX 144000000 144999999 1
hsX 145000000 145999999 3
hsX 146000000 146999999 3
hsX 147000000 147999999 9
hsX 148000000 148999999 7
hsX 149000000 149999999 2
hsX 150000000 150999999 1
hsX 151000000 151999999 13
hsX 152000000 152999999 7
hsX 153000000 153999999 23
hsX 154000000 154999999 11
hs12 0 999999 4
hs12 1000000 1999999 2
hs12 2000000 2999999 2
hs12 3000000 3999999 2
hs12 5000000 5999999 2
hs12 6000000 6999999 8
hs12 7000000 7999999 11
hs12 8000000 8999999 28
hs12 9000000 9999999 29
hs12 10000000 10999999 3
hs12 11000000 11999999 8
hs12 12000000 12999999 3
hs12 14000000 14999999 2
hs12 16000000 16999999 1
hs12 17000000 17999999 4
hs12 19000000 19999999 3
hs12 20000000 20999999 1
hs12 21000000 21999999 1
hs12 22000000 22999999 1
hs12 25000000 25999999 1
hs12 27000000 27999999 5
hs12 29000000 29999999 8
hs12 30000000 30999999 1
hs12 31000000 31999999 4
hs12 32000000 32999999 2
hs12 33000000 33999999 2
hs12 34000000 34999999 20
hs12 36000000 36999999 22
hs12 38000000 38999999 1
hs12 39000000 39999999 1
hs12 40000000 40999999 7
hs12 42000000 42999999 1
hs12 43000000 43999999 3
hs12 47000000 47999999 1
hs12 48000000 48999999 1
hs12 49000000 49999999 2
hs12 50000000 50999999 11
hs12 51000000 51999999 6
hs12 52000000 52999999 2
hs12 54000000 54999999 4
hs12 55000000 55999999 3
hs12 56000000 56999999 2
hs12 61000000 61999999 1
hs12 62000000 62999999 2
hs12 63000000 63999999 1
hs12 64000000 64999999 3
hs12 67000000 67999999 7
hs12 69000000 69999999 1
hs12 72000000 72999999 1
hs12 73000000 73999999 1
hs12 74000000 74999999 2
hs12 78000000 78999999 1
hs12 86000000 86999999 1
hs12 88000000 88999999 1
hs12 91000000 91999999 12
hs12 92000000 92999999 4
hs12 94000000 94999999 1
hs12 97000000 97999999 5
hs12 98000000 98999999 1
hs12 99000000 99999999 2
hs12 100000000 100999999 1
hs12 102000000 102999999 2
hs12 103000000 103999999 1
hs12 104000000 104999999 2
hs12 105000000 105999999 1
hs12 106000000 106999999 1
hs12 109000000 109999999 1
hs12 110000000 110999999 1
hs12 111000000 111999999 1
hs12 113000000 113999999 1
hs12 121000000 121999999 2
hs12 124000000 124999999 1
hs12 127000000 127999999 2
hs12 128000000 128999999 2
hs12 130000000 130999999 12
hs12 131000000 131999999 4
hs22 14000000 14999999 5
hs22 15000000 15999999 7
hs22 16000000 16999999 1
hs22 17000000 17999999 62
hs22 18000000 18999999 47
hs22 19000000 19999999 51
hs22 20000000 20999999 5
hs22 21000000 21999999 22
hs22 22000000 22999999 21
hs22 23000000 23999999 5
hs22 24000000 24999999 6
hs22 28000000 28999999 8
hs22 30000000 30999999 4
hs22 31000000 31999999 2
hs22 34000000 34999999 1
hs22 37000000 37999999 4
hs22 40000000 40999999 3
hs22 41000000 41999999 4
hs22 42000000 42999999 1
hs22 43000000 43999999 1
hs22 47000000 47999999 2
hs22 48000000 48999999 2
hs22 49000000 49999999 1
hs11 0 999999 13
hs11 1000000 1999999 9
hs11 2000000 2999999 1
hs11 3000000 3999999 54
hs11 4000000 4999999 5
hs11 5000000 5999999 14
hs11 6000000 6999999 1
hs11 9000000 9999999 3
hs11 10000000 10999999 1
hs11 13000000 13999999 8
hs11 14000000 14999999 1
hs11 16000000 16999999 2
hs11 17000000 17999999 11
hs11 18000000 18999999 12
hs11 23000000 23999999 1
hs11 25000000 25999999 2
hs11 28000000 28999999 1
hs11 31000000 31999999 3
hs11 32000000 32999999 1
hs11 33000000 33999999 2
hs11 43000000 43999999 1
hs11 46000000 46999999 1
hs11 48000000 48999999 53
hs11 49000000 49999999 70
hs11 50000000 50999999 3
hs11 54000000 54999999 19
hs11 55000000 55999999 12
hs11 56000000 56999999 6
hs11 57000000 57999999 2
hs11 58000000 58999999 3
hs11 59000000 59999999 1
hs11 60000000 60999999 1
hs11 61000000 61999999 7
hs11 63000000 63999999 3
hs11 64000000 64999999 6
hs11 67000000 67999999 58
hs11 69000000 69999999 2
hs11 70000000 70999999 18
hs11 71000000 71999999 30
hs11 72000000 72999999 11
hs11 73000000 73999999 16
hs11 74000000 74999999 2
hs11 75000000 75999999 1
hs11 77000000 77999999 2
hs11 80000000 80999999 1
hs11 83000000 83999999 1
hs11 84000000 84999999 1
hs11 85000000 85999999 1
hs11 86000000 86999999 2
hs11 87000000 87999999 1
hs11 89000000 89999999 21
hs11 92000000 92999999 1
hs11 93000000 93999999 1
hs11 94000000 94999999 6
hs11 97000000 97999999 1
hs11 100000000 100999999 3
hs11 103000000 103999999 1
hs11 104000000 104999999 1
hs11 106000000 106999999 3
hs11 110000000 110999999 8
hs11 111000000 111999999 4
hs11 112000000 112999999 1
hs11 113000000 113999999 7
hs11 116000000 116999999 2
hs11 117000000 117999999 2
hs11 118000000 118999999 4
hs11 119000000 119999999 1
hs11 120000000 120999999 1
hs11 121000000 121999999 1
hs11 122000000 122999999 2
hs11 123000000 123999999 2
hs11 124000000 124999999 1
hs11 125000000 125999999 3
hs11 129000000 129999999 3
hs11 130000000 130999999 6
hs11 131000000 131999999 1
hs11 133000000 133999999 2
hs11 134000000 134999999 4
hs10 0 999999 16
hs10 1000000 1999999 2
hs10 2000000 2999999 1
hs10 3000000 3999999 1
hs10 4000000 4999999 2
hs10 5000000 5999999 4
hs10 8000000 8999999 2
hs10 13000000 13999999 5
hs10 14000000 14999999 2
hs10 15000000 15999999 33
hs10 16000000 16999999 7
hs10 17000000 17999999 4
hs10 18000000 18999999 3
hs10 19000000 19999999 5
hs10 21000000 21999999 5
hs10 23000000 23999999 2
hs10 24000000 24999999 1
hs10 26000000 26999999 13
hs10 27000000 27999999 51
hs10 28000000 28999999 3
hs10 29000000 29999999 7
hs10 30000000 30999999 18
hs10 31000000 31999999 3
hs10 32000000 32999999 1
hs10 33000000 33999999 1
hs10 36000000 36999999 8
hs10 37000000 37999999 37
hs10 38000000 38999999 57
hs10 39000000 39999999 24
hs10 41000000 41999999 72
hs10 42000000 42999999 71
hs10 43000000 43999999 5
hs10 44000000 44999999 12
hs10 45000000 45999999 46
hs10 46000000 46999999 80
hs10 47000000 47999999 68
hs10 48000000 48999999 40
hs10 50000000 50999999 17
hs10 51000000 51999999 16
hs10 52000000 52999999 9
hs10 53000000 53999999 2
hs10 55000000 55999999 6
hs10 56000000 56999999 4
hs10 57000000 57999999 25
hs10 59000000 59999999 2
hs10 60000000 60999999 1
hs10 64000000 64999999 1
hs10 66000000 66999999 9
hs10 69000000 69999999 1
hs10 70000000 70999999 1
hs10 71000000 71999999 2
hs10 74000000 74999999 10
hs10 75000000 75999999 6
hs10 79000000 79999999 3
hs10 80000000 80999999 3
hs10 81000000 81999999 40
hs10 82000000 82999999 2
hs10 85000000 85999999 11
hs10 86000000 86999999 3
hs10 88000000 88999999 7
hs10 89000000 89999999 6
hs10 92000000 92999999 3
hs10 93000000 93999999 5
hs10 94000000 94999999 1
hs10 95000000 95999999 1
hs10 96000000 96999999 2
hs10 97000000 97999999 8
hs10 98000000 98999999 3
hs10 99000000 99999999 5
hs10 100000000 100999999 2
hs10 101000000 101999999 11
hs10 102000000 102999999 1
hs10 104000000 104999999 7
hs10 105000000 105999999 1
hs10 107000000 107999999 1
hs10 112000000 112999999 1
hs10 115000000 115999999 1
hs10 120000000 120999999 1
hs10 124000000 124999999 1
hs10 126000000 126999999 4
hs10 127000000 127999999 1
hs10 131000000 131999999 5
hs10 133000000 133999999 1
hs10 134000000 134999999 3
hs10 135000000 135999999 16
hs7 0 999999 47
hs7 1000000 1999999 6
hs7 2000000 2999999 1
hs7 4000000 4999999 4
hs7 5000000 5999999 61
hs7 6000000 6999999 162
hs7 7000000 7999999 11
hs7 9000000 9999999 1
hs7 10000000 10999999 7
hs7 11000000 11999999 1
hs7 12000000 12999999 1
hs7 14000000 14999999 1
hs7 19000000 19999999 1
hs7 20000000 20999999 3
hs7 21000000 21999999 3
hs7 22000000 22999999 16
hs7 23000000 23999999 10
hs7 25000000 25999999 13
hs7 26000000 26999999 5
hs7 27000000 27999999 9
hs7 28000000 28999999 1
hs7 29000000 29999999 25
hs7 30000000 30999999 28
hs7 32000000 32999999 24
hs7 33000000 33999999 1
hs7 35000000 35999999 36
hs7 36000000 36999999 7
hs7 37000000 37999999 1
hs7 38000000 38999999 5
hs7 39000000 39999999 46
hs7 40000000 40999999 1
hs7 42000000 42999999 12
hs7 43000000 43999999 11
hs7 44000000 44999999 29
hs7 45000000 45999999 51
hs7 47000000 47999999 1
hs7 48000000 48999999 4
hs7 51000000 51999999 27
hs7 53000000 53999999 64
hs7 54000000 54999999 5
hs7 55000000 55999999 54
hs7 56000000 56999999 104
hs7 57000000 57999999 164
hs7 61000000 61999999 135
hs7 62000000 62999999 64
hs7 63000000 63999999 27
hs7 64000000 64999999 202
hs7 65000000 65999999 64
hs7 66000000 66999999 32
hs7 67000000 67999999 3
hs7 68000000 68999999 1
hs7 71000000 71999999 27
hs7 72000000 72999999 66
hs7 73000000 73999999 32
hs7 74000000 74999999 105
hs7 75000000 75999999 14
hs7 76000000 76999999 32
hs7 82000000 82999999 2
hs7 84000000 84999999 36
hs7 86000000 86999999 16
hs7 87000000 87999999 2
hs7 88000000 88999999 1
hs7 89000000 89999999 4
hs7 91000000 91999999 3
hs7 92000000 92999999 1
hs7 93000000 93999999 3
hs7 97000000 97999999 64
hs7 99000000 99999999 25
hs7 100000000 100999999 5
hs7 101000000 101999999 9
hs7 102000000 102999999 4
hs7 104000000 104999999 7
hs7 105000000 105999999 7
hs7 107000000 107999999 2
hs7 109000000 109999999 1
hs7 110000000 110999999 1
hs7 111000000 111999999 2
hs7 112000000 112999999 1
hs7 116000000 116999999 3
hs7 120000000 120999999 14
hs7 121000000 121999999 5
hs7 122000000 122999999 4
hs7 123000000 123999999 8
hs7 124000000 124999999 1
hs7 126000000 126999999 1
hs7 127000000 127999999 1
hs7 128000000 128999999 18
hs7 129000000 129999999 3
hs7 132000000 132999999 12
hs7 134000000 134999999 1
hs7 135000000 135999999 1
hs7 136000000 136999999 1
hs7 137000000 137999999 7
hs7 138000000 138999999 5
hs7 139000000 139999999 1
hs7 140000000 140999999 2
hs7 141000000 141999999 14
hs7 142000000 142999999 20
hs7 143000000 143999999 21
hs7 146000000 146999999 1
hs7 148000000 148999999 15
hs7 149000000 149999999 14
hs7 151000000 151999999 5
hs7 152000000 152999999 4
hs7 153000000 153999999 2
hs7 154000000 154999999 4
hs7 155000000 155999999 1
hs7 156000000 156999999 1
hs7 157000000 157999999 6
hs7 158000000 158999999 1
hs20 1000000 1999999 3
hs20 3000000 3999999 1
hs20 5000000 5999999 1
hs20 22000000 22999999 1
hs20 23000000 23999999 26
hs20 25000000 25999999 16
hs20 26000000 26999999 5
hs20 28000000 28999999 2
hs20 32000000 32999999 1
hs20 39000000 39999999 1
hs20 40000000 40999999 1
hs20 45000000 45999999 7
hs20 46000000 46999999 6
hs20 48000000 48999999 1
hs20 51000000 51999999 6
hs20 55000000 55999999 1
hs20 57000000 57999999 1
hs20 59000000 59999999 1
hs20 61000000 61999999 2
hs20 62000000 62999999 4
hs16 0 999999 5
hs16 1000000 1999999 4
hs16 2000000 2999999 13
hs16 3000000 3999999 4
hs16 11000000 11999999 35
hs16 12000000 12999999 2
hs16 14000000 14999999 143
hs16 15000000 15999999 113
hs16 16000000 16999999 50
hs16 17000000 17999999 1
hs16 18000000 18999999 65
hs16 20000000 20999999 4
hs16 21000000 21999999 69
hs16 22000000 22999999 35
hs16 23000000 23999999 2
hs16 25000000 25999999 5
hs16 28000000 28999999 62
hs16 29000000 29999999 26
hs16 30000000 30999999 11
hs16 31000000 31999999 15
hs16 32000000 32999999 177
hs16 33000000 33999999 80
hs16 34000000 34999999 12
hs16 44000000 44999999 1
hs16 45000000 45999999 16
hs16 47000000 47999999 3
hs16 50000000 50999999 5
hs16 51000000 51999999 4
hs16 54000000 54999999 14
hs16 55000000 55999999 1
hs16 56000000 56999999 1
hs16 57000000 57999999 1
hs16 61000000 61999999 1
hs16 65000000 65999999 2
hs16 68000000 68999999 13
hs16 70000000 70999999 4
hs16 72000000 72999999 3
hs16 73000000 73999999 2
hs16 74000000 74999999 1
hs16 83000000 83999999 4
hs16 84000000 84999999 1
hs16 86000000 86999999 1
hs16 88000000 88999999 18
hs4 0 999999 31
hs4 1000000 1999999 6
hs4 2000000 2999999 1
hs4 3000000 3999999 94
hs4 4000000 4999999 129
hs4 7000000 7999999 2
hs4 8000000 8999999 14
hs4 9000000 9999999 190
hs4 10000000 10999999 1
hs4 12000000 12999999 1
hs4 15000000 15999999 2
hs4 17000000 17999999 2
hs4 20000000 20999999 1
hs4 22000000 22999999 9
hs4 24000000 24999999 6
hs4 25000000 25999999 1
hs4 26000000 26999999 6
hs4 27000000 27999999 1
hs4 28000000 28999999 2
hs4 31000000 31999999 3
hs4 32000000 32999999 2
hs4 33000000 33999999 11
hs4 34000000 34999999 3
hs4 37000000 37999999 1
hs4 39000000 39999999 3
hs4 40000000 40999999 4
hs4 44000000 44999999 14
hs4 45000000 45999999 1
hs4 48000000 48999999 24
hs4 49000000 49999999 36
hs4 54000000 54999999 1
hs4 55000000 55999999 2
hs4 57000000 57999999 2
hs4 60000000 60999999 4
hs4 63000000 63999999 8
hs4 66000000 66999999 1
hs4 67000000 67999999 2
hs4 68000000 68999999 2
hs4 69000000 69999999 41
hs4 70000000 70999999 25
hs4 71000000 71999999 3
hs4 73000000 73999999 17
hs4 74000000 74999999 2
hs4 75000000 75999999 29
hs4 77000000 77999999 2
hs4 78000000 78999999 17
hs4 79000000 79999999 28
hs4 80000000 80999999 1
hs4 81000000 81999999 16
hs4 82000000 82999999 1
hs4 83000000 83999999 13
hs4 84000000 84999999 1
hs4 85000000 85999999 5
hs4 86000000 86999999 2
hs4 88000000 88999999 4
hs4 91000000 91999999 1
hs4 92000000 92999999 1
hs4 97000000 97999999 1
hs4 99000000 99999999 1
hs4 100000000 100999999 3
hs4 101000000 101999999 19
hs4 102000000 102999999 1
hs4 103000000 103999999 4
hs4 104000000 104999999 11
hs4 106000000 106999999 15
hs4 107000000 107999999 2
hs4 109000000 109999999 1
hs4 110000000 110999999 9
hs4 111000000 111999999 15
hs4 112000000 112999999 2
hs4 113000000 113999999 3
hs4 114000000 114999999 1
hs4 117000000 117999999 6
hs4 119000000 119999999 73
hs4 120000000 120999999 45
hs4 122000000 122999999 1
hs4 123000000 123999999 3
hs4 124000000 124999999 2
hs4 127000000 127999999 1
hs4 129000000 129999999 2
hs4 132000000 132999999 76
hs4 133000000 133999999 15
hs4 136000000 136999999 5
hs4 137000000 137999999 7
hs4 139000000 139999999 1
hs4 140000000 140999999 5
hs4 141000000 141999999 1
hs4 144000000 144999999 8
hs4 145000000 145999999 11
hs4 146000000 146999999 5
hs4 154000000 154999999 2
hs4 156000000 156999999 4
hs4 158000000 158999999 19
hs4 159000000 159999999 2
hs4 162000000 162999999 1
hs4 164000000 164999999 1
hs4 165000000 165999999 14
hs4 166000000 166999999 5
hs4 170000000 170999999 4
hs4 173000000 173999999 2
hs4 174000000 174999999 3
hs4 176000000 176999999 1
hs4 182000000 182999999 1
hs4 183000000 183999999 1
hs4 184000000 184999999 2
hs4 185000000 185999999 10
hs4 186000000 186999999 6
hs4 187000000 187999999 3
hs4 188000000 188999999 1
hs4 189000000 189999999 3
hs4 190000000 190999999 6
hs4 191000000 191999999 42
hs18 0 999999 10
hs18 7000000 7999999 1
hs18 10000000 10999999 5
hs18 11000000 11999999 1
hs18 12000000 12999999 1
hs18 13000000 13999999 1
hs18 14000000 14999999 30
hs18 15000000 15999999 13
hs18 22000000 22999999 1
hs18 28000000 28999999 3
hs18 31000000 31999999 1
hs18 42000000 42999999 4
hs18 43000000 43999999 1
hs18 44000000 44999999 1
hs18 47000000 47999999 3
hs18 53000000 53999999 1
hs18 54000000 54999999 2
hs18 57000000 57999999 2
hs18 59000000 59999999 1
hs18 64000000 64999999 2
hs18 68000000 68999999 1
hs18 74000000 74999999 4
hs18 75000000 75999999 3
hs13 17000000 17999999 15
hs13 18000000 18999999 62
hs13 19000000 19999999 15
hs13 20000000 20999999 23
hs13 22000000 22999999 6
hs13 23000000 23999999 12
hs13 24000000 24999999 11
hs13 25000000 25999999 1
hs13 26000000 26999999 1
hs13 28000000 28999999 5
hs13 29000000 29999999 1
hs13 34000000 34999999 12
hs13 37000000 37999999 1
hs13 38000000 38999999 1
hs13 40000000 40999999 21
hs13 41000000 41999999 3
hs13 43000000 43999999 1
hs13 44000000 44999999 2
hs13 45000000 45999999 9
hs13 49000000 49999999 4
hs13 51000000 51999999 19
hs13 52000000 52999999 11
hs13 56000000 56999999 2
hs13 58000000 58999999 1
hs13 62000000 62999999 3
hs13 63000000 63999999 11
hs13 65000000 65999999 1
hs13 66000000 66999999 1
hs13 67000000 67999999 3
hs13 69000000 69999999 1
hs13 70000000 70999999 1
hs13 71000000 71999999 1
hs13 77000000 77999999 2
hs13 81000000 81999999 2
hs13 88000000 88999999 1
hs13 89000000 89999999 3
hs13 91000000 91999999 53
hs13 92000000 92999999 7
hs13 99000000 99999999 1
hs13 110000000 110999999 2
hs13 111000000 111999999 2
hs13 112000000 112999999 78
hs13 113000000 113999999 1
hs13 114000000 114999999 2
hs3 0 999999 12
hs3 2000000 2999999 1
hs3 5000000 5999999 1
hs3 6000000 6999999 2
hs3 8000000 8999999 46
hs3 9000000 9999999 9
hs3 10000000 10999999 10
hs3 11000000 11999999 32
hs3 12000000 12999999 29
hs3 13000000 13999999 6
hs3 14000000 14999999 1
hs3 15000000 15999999 63
hs3 16000000 16999999 6
hs3 17000000 17999999 6
hs3 18000000 18999999 1
hs3 20000000 20999999 1
hs3 22000000 22999999 11
hs3 23000000 23999999 3
hs3 25000000 25999999 1
hs3 27000000 27999999 2
hs3 28000000 28999999 1
hs3 29000000 29999999 1
hs3 30000000 30999999 1
hs3 31000000 31999999 1
hs3 32000000 32999999 34
hs3 33000000 33999999 2
hs3 34000000 34999999 3
hs3 36000000 36999999 5
hs3 37000000 37999999 4
hs3 39000000 39999999 46
hs3 40000000 40999999 34
hs3 41000000 41999999 21
hs3 42000000 42999999 36
hs3 43000000 43999999 2
hs3 44000000 44999999 3
hs3 46000000 46999999 9
hs3 48000000 48999999 18
hs3 50000000 50999999 3
hs3 51000000 51999999 1
hs3 52000000 52999999 1
hs3 53000000 53999999 4
hs3 62000000 62999999 1
hs3 63000000 63999999 4
hs3 67000000 67999999 2
hs3 68000000 68999999 7
hs3 69000000 69999999 1
hs3 70000000 70999999 1
hs3 72000000 72999999 1
hs3 73000000 73999999 8
hs3 75000000 75999999 243
hs3 76000000 76999999 6
hs3 77000000 77999999 14
hs3 78000000 78999999 1
hs3 80000000 80999999 7
hs3 81000000 81999999 4
hs3 82000000 82999999 2
hs3 83000000 83999999 1
hs3 85000000 85999999 1
hs3 86000000 86999999 5
hs3 87000000 87999999 1
hs3 88000000 88999999 1
hs3 89000000 89999999 1
hs3 90000000 90999999 2
hs3 95000000 95999999 9
hs3 97000000 97999999 9
hs3 99000000 99999999 3
hs3 100000000 100999999 1
hs3 101000000 101999999 2
hs3 102000000 102999999 12
hs3 106000000 106999999 2
hs3 107000000 107999999 2
hs3 108000000 108999999 5
hs3 109000000 109999999 1
hs3 110000000 110999999 1
hs3 111000000 111999999 19
hs3 112000000 112999999 3
hs3 113000000 113999999 41
hs3 114000000 114999999 2
hs3 115000000 115999999 2
hs3 117000000 117999999 1
hs3 118000000 118999999 7
hs3 119000000 119999999 1
hs3 121000000 121999999 9
hs3 122000000 122999999 3
hs3 123000000 123999999 13
hs3 124000000 124999999 1
hs3 125000000 125999999 4
hs3 126000000 126999999 107
hs3 127000000 127999999 35
hs3 128000000 128999999 1
hs3 130000000 130999999 4
hs3 131000000 131999999 111
hs3 132000000 132999999 3
hs3 133000000 133999999 2
hs3 134000000 134999999 1
hs3 135000000 135999999 1
hs3 137000000 137999999 2
hs3 138000000 138999999 3
hs3 139000000 139999999 20
hs3 140000000 140999999 7
hs3 141000000 141999999 2
hs3 142000000 142999999 1
hs3 143000000 143999999 14
hs3 144000000 144999999 10
hs3 148000000 148999999 1
hs3 149000000 149999999 25
hs3 150000000 150999999 2
hs3 151000000 151999999 19
hs3 153000000 153999999 4
hs3 154000000 154999999 23
hs3 157000000 157999999 13
hs3 158000000 158999999 6
hs3 161000000 161999999 5
hs3 162000000 162999999 3
hs3 165000000 165999999 1
hs3 168000000 168999999 2
hs3 169000000 169999999 1
hs3 170000000 170999999 2
hs3 171000000 171999999 7
hs3 172000000 172999999 2
hs3 173000000 173999999 2
hs3 174000000 174999999 1
hs3 175000000 175999999 1
hs3 178000000 178999999 1
hs3 180000000 180999999 3
hs3 181000000 181999999 4
hs3 182000000 182999999 2
hs3 183000000 183999999 19
hs3 184000000 184999999 4
hs3 185000000 185999999 10
hs3 186000000 186999999 9
hs3 187000000 187999999 3
hs3 188000000 188999999 2
hs3 191000000 191999999 1
hs3 192000000 192999999 2
hs3 194000000 194999999 2
hs3 196000000 196999999 38
hs3 197000000 197999999 16
hs3 198000000 198999999 23
hs3 199000000 199999999 93
hs9 0 999999 25
hs9 4000000 4999999 18
hs9 5000000 5999999 14
hs9 6000000 6999999 2
hs9 7000000 7999999 3
hs9 8000000 8999999 1
hs9 10000000 10999999 1
hs9 11000000 11999999 2
hs9 14000000 14999999 1
hs9 18000000 18999999 1
hs9 19000000 19999999 1
hs9 21000000 21999999 13
hs9 22000000 22999999 2
hs9 27000000 27999999 6
hs9 28000000 28999999 5
hs9 30000000 30999999 3
hs9 32000000 32999999 3
hs9 33000000 33999999 34
hs9 34000000 34999999 11
hs9 35000000 35999999 8
hs9 36000000 36999999 1
hs9 37000000 37999999 8
hs9 38000000 38999999 34
hs9 39000000 39999999 69
hs9 40000000 40999999 50
hs9 41000000 41999999 79
hs9 42000000 42999999 159
hs9 43000000 43999999 70
hs9 44000000 44999999 94
hs9 45000000 45999999 94
hs9 46000000 46999999 81
hs9 47000000 47999999 1
hs9 65000000 65999999 21
hs9 66000000 66999999 94
hs9 67000000 67999999 98
hs9 68000000 68999999 37
hs9 69000000 69999999 215
hs9 70000000 70999999 4
hs9 72000000 72999999 1
hs9 75000000 75999999 11
hs9 76000000 76999999 2
hs9 77000000 77999999 1
hs9 78000000 78999999 15
hs9 79000000 79999999 2
hs9 80000000 80999999 1
hs9 83000000 83999999 13
hs9 84000000 84999999 5
hs9 85000000 85999999 14
hs9 87000000 87999999 2
hs9 88000000 88999999 2
hs9 89000000 89999999 29
hs9 90000000 90999999 31
hs9 91000000 91999999 2
hs9 92000000 92999999 56
hs9 93000000 93999999 8
hs9 94000000 94999999 2
hs9 95000000 95999999 9
hs9 96000000 96999999 16
hs9 97000000 97999999 5
hs9 98000000 98999999 13
hs9 99000000 99999999 6
hs9 100000000 100999999 2
hs9 101000000 101999999 3
hs9 102000000 102999999 2
hs9 103000000 103999999 1
hs9 105000000 105999999 5
hs9 106000000 106999999 3
hs9 107000000 107999999 3
hs9 109000000 109999999 7
hs9 110000000 110999999 1
hs9 111000000 111999999 2
hs9 114000000 114999999 13
hs9 115000000 115999999 1
hs9 116000000 116999999 1
hs9 120000000 120999999 1
hs9 122000000 122999999 10
hs9 123000000 123999999 2
hs9 124000000 124999999 1
hs9 126000000 126999999 3
hs9 127000000 127999999 14
hs9 129000000 129999999 3
hs9 130000000 130999999 4
hs9 131000000 131999999 5
hs9 134000000 134999999 10
hs9 135000000 135999999 10
hs9 136000000 136999999 1
hs9 137000000 137999999 5
hs9 138000000 138999999 2
hs9 139000000 139999999 1
hs9 140000000 140999999 24
hs15 18000000 18999999 107
hs15 19000000 19999999 82
hs15 20000000 20999999 159
hs15 21000000 21999999 77
hs15 22000000 22999999 23
hs15 23000000 23999999 7
hs15 25000000 25999999 1
hs15 26000000 26999999 156
hs15 27000000 27999999 13
hs15 28000000 28999999 118
hs15 30000000 30999999 69
hs15 32000000 32999999 49
hs15 33000000 33999999 4
hs15 34000000 34999999 4
hs15 38000000 38999999 2
hs15 39000000 39999999 1
hs15 40000000 40999999 1
hs15 41000000 41999999 2
hs15 42000000 42999999 4
hs15 43000000 43999999 5
hs15 44000000 44999999 1
hs15 45000000 45999999 4
hs15 47000000 47999999 2
hs15 50000000 50999999 3
hs15 51000000 51999999 1
hs15 60000000 60999999 8
hs15 63000000 63999999 5
hs15 65000000 65999999 10
hs15 66000000 66999999 5
hs15 69000000 69999999 5
hs15 70000000 70999999 51
hs15 72000000 72999999 24
hs15 73000000 73999999 87
hs15 75000000 75999999 25
hs15 76000000 76999999 28
hs15 77000000 77999999 6
hs15 79000000 79999999 2
hs15 80000000 80999999 163
hs15 82000000 82999999 51
hs15 83000000 83999999 13
hs15 87000000 87999999 2
hs15 88000000 88999999 4
hs15 90000000 90999999 2
hs15 91000000 91999999 4
hs15 96000000 96999999 2
hs15 97000000 97999999 4
hs15 98000000 98999999 4
hs15 100000000 100999999 3
hs5 0 999999 31
hs5 1000000 1999999 5
hs5 2000000 2999999 1
hs5 3000000 3999999 1
hs5 5000000 5999999 2
hs5 6000000 6999999 2
hs5 7000000 7999999 16
hs5 11000000 11999999 1
hs5 14000000 14999999 17
hs5 17000000 17999999 55
hs5 18000000 18999999 10
hs5 20000000 20999999 7
hs5 21000000 21999999 60
hs5 22000000 22999999 8
hs5 23000000 23999999 7
hs5 24000000 24999999 4
hs5 25000000 25999999 6
hs5 26000000 26999999 2
hs5 28000000 28999999 2
hs5 29000000 29999999 8
hs5 32000000 32999999 3
hs5 34000000 34999999 45
hs5 37000000 37999999 39
hs5 40000000 40999999 1
hs5 42000000 42999999 1
hs5 43000000 43999999 21
hs5 51000000 51999999 1
hs5 52000000 52999999 2
hs5 53000000 53999999 5
hs5 54000000 54999999 7
hs5 55000000 55999999 7
hs5 59000000 59999999 5
hs5 60000000 60999999 8
hs5 61000000 61999999 5
hs5 62000000 62999999 5
hs5 63000000 63999999 3
hs5 64000000 64999999 1
hs5 67000000 67999999 1
hs5 68000000 68999999 64
hs5 69000000 69999999 184
hs5 70000000 70999999 68
hs5 72000000 72999999 38
hs5 74000000 74999999 3
hs5 75000000 75999999 47
hs5 77000000 77999999 1
hs5 78000000 78999999 2
hs5 79000000 79999999 43
hs5 80000000 80999999 1
hs5 81000000 81999999 1
hs5 82000000 82999999 14
hs5 83000000 83999999 1
hs5 84000000 84999999 2
hs5 87000000 87999999 1
hs5 88000000 88999999 1
hs5 89000000 89999999 2
hs5 93000000 93999999 20
hs5 95000000 95999999 2
hs5 96000000 96999999 5
hs5 97000000 97999999 8
hs5 98000000 98999999 24
hs5 99000000 99999999 16
hs5 101000000 101999999 1
hs5 104000000 104999999 1
hs5 105000000 105999999 2
hs5 108000000 108999999 8
hs5 110000000 110999999 2
hs5 111000000 111999999 5
hs5 112000000 112999999 1
hs5 114000000 114999999 3
hs5 115000000 115999999 17
hs5 116000000 116999999 1
hs5 117000000 117999999 3
hs5 118000000 118999999 8
hs5 119000000 119999999 1
hs5 122000000 122999999 22
hs5 123000000 123999999 12
hs5 126000000 126999999 2
hs5 131000000 131999999 1
hs5 135000000 135999999 11
hs5 136000000 136999999 2
hs5 137000000 137999999 5
hs5 138000000 138999999 3
hs5 139000000 139999999 2
hs5 140000000 140999999 93
hs5 141000000 141999999 1
hs5 142000000 142999999 15
hs5 144000000 144999999 1
hs5 145000000 145999999 3
hs5 146000000 146999999 4
hs5 148000000 148999999 2
hs5 150000000 150999999 3
hs5 151000000 151999999 2
hs5 153000000 153999999 16
hs5 154000000 154999999 1
hs5 156000000 156999999 4
hs5 157000000 157999999 2
hs5 159000000 159999999 1
hs5 162000000 162999999 1
hs5 163000000 163999999 1
hs5 167000000 167999999 17
hs5 168000000 168999999 1
hs5 169000000 169999999 6
hs5 170000000 170999999 5
hs5 171000000 171999999 1
hs5 172000000 172999999 4
hs5 173000000 173999999 3
hs5 174000000 174999999 20
hs5 175000000 175999999 21
hs5 176000000 176999999 1
hs5 177000000 177999999 27
hs5 178000000 178999999 9
hs5 179000000 179999999 1
hs5 180000000 180999999 73
hsY 0 999999 16
hsY 1000000 1999999 6
hsY 2000000 2999999 4
hsY 3000000 3999999 4
hsY 4000000 4999999 1
hsY 5000000 5999999 12
hsY 6000000 6999999 23
hsY 7000000 7999999 10
hsY 8000000 8999999 10
hsY 9000000 9999999 31
hsY 10000000 10999999 28
hsY 11000000 11999999 14
hsY 12000000 12999999 38
hsY 13000000 13999999 1
hsY 14000000 14999999 1
hsY 15000000 15999999 3
hsY 16000000 16999999 2
hsY 17000000 17999999 1
hsY 18000000 18999999 27
hsY 19000000 19999999 9
hsY 20000000 20999999 2
hsY 21000000 21999999 15
hsY 22000000 22999999 33
hsY 23000000 23999999 9
hsY 24000000 24999999 112
hsY 25000000 25999999 38
hsY 26000000 26999999 84
hsY 27000000 27999999 26
hsY 57000000 57999999 15
hs19 0 999999 10
hs19 1000000 1999999 2
hs19 3000000 3999999 1
hs19 4000000 4999999 2
hs19 5000000 5999999 2
hs19 6000000 6999999 3
hs19 7000000 7999999 2
hs19 8000000 8999999 10
hs19 9000000 9999999 3
hs19 11000000 11999999 2
hs19 12000000 12999999 2
hs19 13000000 13999999 3
hs19 14000000 14999999 5
hs19 15000000 15999999 3
hs19 16000000 16999999 1
hs19 19000000 19999999 5
hs19 20000000 20999999 7
hs19 21000000 21999999 12
hs19 22000000 22999999 13
hs19 23000000 23999999 7
hs19 34000000 34999999 1
hs19 39000000 39999999 8
hs19 40000000 40999999 2
hs19 41000000 41999999 13
hs19 42000000 42999999 20
hs19 43000000 43999999 1
hs19 44000000 44999999 7
hs19 45000000 45999999 1
hs19 46000000 46999999 10
hs19 47000000 47999999 10
hs19 48000000 48999999 49
hs19 49000000 49999999 3
hs19 51000000 51999999 5
hs19 53000000 53999999 2
hs19 54000000 54999999 10
hs19 55000000 55999999 7
hs19 56000000 56999999 4
hs19 57000000 57999999 8
hs19 58000000 58999999 18
hs19 59000000 59999999 22
hs19 60000000 60999999 6
hs19 61000000 61999999 2
hs19 62000000 62999999 1
hs19 63000000 63999999 8
hs1 0 999999 396
hs1 1000000 1999999 8
hs1 2000000 2999999 17
hs1 4000000 4999999 1
hs1 5000000 5999999 2
hs1 6000000 6999999 5
hs1 8000000 8999999 43
hs1 9000000 9999999 1
hs1 11000000 11999999 5
hs1 12000000 12999999 48
hs1 13000000 13999999 38
hs1 15000000 15999999 4
hs1 16000000 16999999 122
hs1 17000000 17999999 30
hs1 19000000 19999999 1
hs1 20000000 20999999 1
hs1 21000000 21999999 113
hs1 22000000 22999999 6
hs1 23000000 23999999 1
hs1 24000000 24999999 8
hs1 25000000 25999999 11
hs1 26000000 26999999 6
hs1 27000000 27999999 42
hs1 28000000 28999999 7
hs1 29000000 29999999 7
hs1 30000000 30999999 2
hs1 32000000 32999999 5
hs1 33000000 33999999 23
hs1 35000000 35999999 2
hs1 36000000 36999999 2
hs1 38000000 38999999 3
hs1 39000000 39999999 10
hs1 40000000 40999999 5
hs1 42000000 42999999 1
hs1 43000000 43999999 6
hs1 44000000 44999999 8
hs1 45000000 45999999 2
hs1 46000000 46999999 22
hs1 47000000 47999999 3
hs1 48000000 48999999 1
hs1 49000000 49999999 2
hs1 50000000 50999999 1
hs1 51000000 51999999 4
hs1 52000000 52999999 1
hs1 53000000 53999999 1
hs1 54000000 54999999 37
hs1 55000000 55999999 1
hs1 57000000 57999999 2
hs1 58000000 58999999 38
hs1 59000000 59999999 3
hs1 60000000 60999999 1
hs1 61000000 61999999 1
hs1 62000000 62999999 1
hs1 63000000 63999999 1
hs1 64000000 64999999 1
hs1 65000000 65999999 4
hs1 67000000 67999999 5
hs1 68000000 68999999 7
hs1 70000000 70999999 5
hs1 71000000 71999999 1
hs1 72000000 72999999 1
hs1 73000000 73999999 2
hs1 74000000 74999999 2
hs1 75000000 75999999 1
hs1 76000000 76999999 3
hs1 77000000 77999999 1
hs1 78000000 78999999 6
hs1 79000000 79999999 7
hs1 80000000 80999999 17
hs1 81000000 81999999 25
hs1 82000000 82999999 1
hs1 83000000 83999999 2
hs1 85000000 85999999 1
hs1 86000000 86999999 5
hs1 87000000 87999999 5
hs1 89000000 89999999 11
hs1 90000000 90999999 10
hs1 91000000 91999999 4
hs1 92000000 92999999 13
hs1 93000000 93999999 4
hs1 96000000 96999999 21
hs1 98000000 98999999 1
hs1 100000000 100999999 2
hs1 101000000 101999999 1
hs1 102000000 102999999 33
hs1 103000000 103999999 19
hs1 104000000 104999999 8
hs1 106000000 106999999 5
hs1 107000000 107999999 1
hs1 108000000 108999999 6
hs1 109000000 109999999 1
hs1 110000000 110999999 5
hs1 111000000 111999999 12
hs1 113000000 113999999 11
hs1 115000000 115999999 6
hs1 116000000 116999999 44
hs1 117000000 117999999 5
hs1 118000000 118999999 2
hs1 119000000 119999999 5
hs1 120000000 120999999 81
hs1 121000000 121999999 2
hs1 141000000 141999999 56
hs1 142000000 142999999 153
hs1 143000000 143999999 91
hs1 144000000 144999999 97
hs1 145000000 145999999 13
hs1 146000000 146999999 138
hs1 147000000 147999999 171
hs1 148000000 148999999 2
hs1 149000000 149999999 15
hs1 150000000 150999999 15
hs1 151000000 151999999 3
hs1 152000000 152999999 26
hs1 153000000 153999999 34
hs1 154000000 154999999 3
hs1 155000000 155999999 17
hs1 156000000 156999999 3
hs1 157000000 157999999 3
hs1 158000000 158999999 24
hs1 159000000 159999999 5
hs1 161000000 161999999 1
hs1 162000000 162999999 5
hs1 163000000 163999999 1
hs1 164000000 164999999 4
hs1 165000000 165999999 1
hs1 166000000 166999999 8
hs1 167000000 167999999 3
hs1 169000000 169999999 13
hs1 170000000 170999999 1
hs1 171000000 171999999 3
hs1 173000000 173999999 1
hs1 174000000 174999999 3
hs1 176000000 176999999 3
hs1 177000000 177999999 36
hs1 178000000 178999999 9
hs1 179000000 179999999 2
hs1 181000000 181999999 19
hs1 182000000 182999999 2
hs1 183000000 183999999 7
hs1 185000000 185999999 3
hs1 187000000 187999999 1
hs1 189000000 189999999 20
hs1 190000000 190999999 2
hs1 191000000 191999999 3
hs1 192000000 192999999 8
hs1 194000000 194999999 2
hs1 195000000 195999999 27
hs1 198000000 198999999 4
hs1 199000000 199999999 2
hs1 200000000 200999999 9
hs1 201000000 201999999 41
hs1 202000000 202999999 5
hs1 204000000 204999999 4
hs1 205000000 205999999 14
hs1 207000000 207999999 5
hs1 208000000 208999999 16
hs1 209000000 209999999 6
hs1 212000000 212999999 11
hs1 213000000 213999999 1
hs1 217000000 217999999 2
hs1 218000000 218999999 7
hs1 219000000 219999999 2
hs1 220000000 220999999 52
hs1 221000000 221999999 1
hs1 222000000 222999999 77
hs1 223000000 223999999 2
hs1 224000000 224999999 3
hs1 225000000 225999999 23
hs1 226000000 226999999 61
hs1 227000000 227999999 29
hs1 229000000 229999999 4
hs1 232000000 232999999 1
hs1 233000000 233999999 10
hs1 235000000 235999999 16
hs1 236000000 236999999 2
hs1 238000000 238999999 9
hs1 239000000 239999999 42
hs1 240000000 240999999 9
hs1 241000000 241999999 67
hs1 242000000 242999999 1
hs1 243000000 243999999 1
hs1 244000000 244999999 5
hs1 245000000 245999999 11
hs1 246000000 246999999 8
hs1 247000000 247999999 27
hs2 0 999999 30
hs2 1000000 1999999 4
hs2 2000000 2999999 1
hs2 4000000 4999999 14
hs2 7000000 7999999 1
hs2 8000000 8999999 1
hs2 9000000 9999999 4
hs2 10000000 10999999 1
hs2 11000000 11999999 6
hs2 12000000 12999999 16
hs2 13000000 13999999 3
hs2 17000000 17999999 5
hs2 19000000 19999999 1
hs2 24000000 24999999 47
hs2 25000000 25999999 8
hs2 27000000 27999999 1
hs2 28000000 28999999 4
hs2 30000000 30999999 2
hs2 31000000 31999999 2
hs2 32000000 32999999 2
hs2 33000000 33999999 21
hs2 36000000 36999999 2
hs2 37000000 37999999 6
hs2 38000000 38999999 9
hs2 41000000 41999999 30
hs2 42000000 42999999 4
hs2 44000000 44999999 1
hs2 46000000 46999999 6
hs2 47000000 47999999 1
hs2 48000000 48999999 1
hs2 53000000 53999999 3
hs2 54000000 54999999 4
hs2 55000000 55999999 4
hs2 58000000 58999999 1
hs2 62000000 62999999 36
hs2 63000000 63999999 7
hs2 64000000 64999999 1
hs2 65000000 65999999 3
hs2 68000000 68999999 10
hs2 69000000 69999999 4
hs2 70000000 70999999 26
hs2 71000000 71999999 129
hs2 73000000 73999999 7
hs2 74000000 74999999 8
hs2 77000000 77999999 3
hs2 78000000 78999999 14
hs2 80000000 80999999 3
hs2 81000000 81999999 1
hs2 82000000 82999999 1
hs2 83000000 83999999 6
hs2 84000000 84999999 2
hs2 85000000 85999999 4
hs2 86000000 86999999 13
hs2 87000000 87999999 76
hs2 88000000 88999999 33
hs2 89000000 89999999 67
hs2 90000000 90999999 39
hs2 91000000 91999999 289
hs2 94000000 94999999 50
hs2 95000000 95999999 139
hs2 96000000 96999999 9
hs2 97000000 97999999 59
hs2 99000000 99999999 2
hs2 100000000 100999999 37
hs2 102000000 102999999 1
hs2 103000000 103999999 1
hs2 104000000 104999999 2
hs2 106000000 106999999 42
hs2 107000000 107999999 12
hs2 108000000 108999999 20
hs2 109000000 109999999 6
hs2 110000000 110999999 44
hs2 111000000 111999999 7
hs2 112000000 112999999 1
hs2 113000000 113999999 41
hs2 114000000 114999999 54
hs2 115000000 115999999 1
hs2 118000000 118999999 1
hs2 122000000 122999999 1
hs2 127000000 127999999 9
hs2 128000000 128999999 7
hs2 130000000 130999999 82
hs2 131000000 131999999 78
hs2 132000000 132999999 217
hs2 134000000 134999999 1
hs2 135000000 135999999 42
hs2 136000000 136999999 3
hs2 138000000 138999999 13
hs2 139000000 139999999 2
hs2 143000000 143999999 1
hs2 144000000 144999999 1
hs2 145000000 145999999 2
hs2 148000000 148999999 10
hs2 149000000 149999999 2
hs2 150000000 150999999 1
hs2 152000000 152999999 7
hs2 155000000 155999999 1
hs2 156000000 156999999 2
hs2 157000000 157999999 4
hs2 158000000 158999999 1
hs2 159000000 159999999 72
hs2 160000000 160999999 2
hs2 161000000 161999999 14
hs2 162000000 162999999 2
hs2 165000000 165999999 2
hs2 168000000 168999999 7
hs2 170000000 170999999 2
hs2 171000000 171999999 14
hs2 172000000 172999999 3
hs2 173000000 173999999 2
hs2 174000000 174999999 35
hs2 175000000 175999999 8
hs2 176000000 176999999 2
hs2 177000000 177999999 3
hs2 178000000 178999999 4
hs2 179000000 179999999 2
hs2 182000000 182999999 9
hs2 183000000 183999999 5
hs2 184000000 184999999 3
hs2 186000000 186999999 2
hs2 187000000 187999999 5
hs2 188000000 188999999 13
hs2 189000000 189999999 14
hs2 190000000 190999999 8
hs2 191000000 191999999 1
hs2 192000000 192999999 1
hs2 194000000 194999999 9
hs2 196000000 196999999 2
hs2 197000000 197999999 21
hs2 198000000 198999999 7
hs2 200000000 200999999 3
hs2 201000000 201999999 54
hs2 202000000 202999999 1
hs2 203000000 203999999 9
hs2 204000000 204999999 19
hs2 206000000 206999999 39
hs2 207000000 207999999 3
hs2 208000000 208999999 3
hs2 210000000 210999999 2
hs2 212000000 212999999 3
hs2 216000000 216999999 1
hs2 217000000 217999999 1
hs2 218000000 218999999 28
hs2 221000000 221999999 1
hs2 223000000 223999999 10
hs2 226000000 226999999 1
hs2 227000000 227999999 1
hs2 228000000 228999999 5
hs2 229000000 229999999 1
hs2 230000000 230999999 2
hs2 231000000 231999999 12
hs2 232000000 232999999 11
hs2 234000000 234999999 6
hs2 235000000 235999999 1
hs2 238000000 238999999 5
hs2 239000000 239999999 1
hs2 240000000 240999999 1
hs2 241000000 241999999 2
hs2 242000000 242999999 39
hs8 0 999999 49
hs8 1000000 1999999 21
hs8 2000000 2999999 1
hs8 4000000 4999999 5
hs8 6000000 6999999 49
hs8 7000000 7999999 207
hs8 8000000 8999999 14
hs8 11000000 11999999 60
hs8 12000000 12999999 79
hs8 14000000 14999999 1
hs8 15000000 15999999 1
hs8 16000000 16999999 1
hs8 17000000 17999999 2
hs8 19000000 19999999 1
hs8 20000000 20999999 1
hs8 21000000 21999999 1
hs8 23000000 23999999 6
hs8 24000000 24999999 2
hs8 25000000 25999999 5
hs8 26000000 26999999 12
hs8 28000000 28999999 2
hs8 30000000 30999999 1
hs8 31000000 31999999 5
hs8 33000000 33999999 9
hs8 35000000 35999999 1
hs8 37000000 37999999 2
hs8 38000000 38999999 2
hs8 39000000 39999999 1
hs8 42000000 42999999 8
hs8 43000000 43999999 4
hs8 47000000 47999999 4
hs8 48000000 48999999 10
hs8 50000000 50999999 2
hs8 51000000 51999999 5
hs8 52000000 52999999 1
hs8 54000000 54999999 5
hs8 55000000 55999999 3
hs8 57000000 57999999 3
hs8 59000000 59999999 6
hs8 62000000 62999999 25
hs8 63000000 63999999 8
hs8 64000000 64999999 1
hs8 68000000 68999999 12
hs8 70000000 70999999 1
hs8 71000000 71999999 1
hs8 74000000 74999999 7
hs8 76000000 76999999 1
hs8 79000000 79999999 4
hs8 80000000 80999999 1
hs8 81000000 81999999 18
hs8 82000000 82999999 26
hs8 83000000 83999999 27
hs8 86000000 86999999 17
hs8 87000000 87999999 2
hs8 88000000 88999999 1
hs8 89000000 89999999 1
hs8 90000000 90999999 1
hs8 91000000 91999999 1
hs8 92000000 92999999 3
hs8 94000000 94999999 2
hs8 97000000 97999999 1
hs8 99000000 99999999 2
hs8 100000000 100999999 6
hs8 102000000 102999999 11
hs8 107000000 107999999 1
hs8 109000000 109999999 3
hs8 110000000 110999999 3
hs8 117000000 117999999 1
hs8 120000000 120999999 2
hs8 123000000 123999999 1
hs8 124000000 124999999 1
hs8 125000000 125999999 1
hs8 127000000 127999999 1
hs8 128000000 128999999 15
hs8 129000000 129999999 2
hs8 133000000 133999999 1
hs8 134000000 134999999 9
hs8 135000000 135999999 1
hs8 136000000 136999999 1
hs8 137000000 137999999 1
hs8 140000000 140999999 1
hs8 141000000 141999999 1
hs8 142000000 142999999 22
hs8 143000000 143999999 2
hs8 144000000 144999999 5
hs8 145000000 145999999 5
hs8 146000000 146999999 1
hs6 0 999999 47
hs6 2000000 2999999 8
hs6 3000000 3999999 9
hs6 4000000 4999999 3
hs6 5000000 5999999 38
hs6 7000000 7999999 3
hs6 9000000 9999999 2
hs6 11000000 11999999 1
hs6 13000000 13999999 1
hs6 15000000 15999999 2
hs6 17000000 17999999 1
hs6 18000000 18999999 5
hs6 19000000 19999999 3
hs6 20000000 20999999 1
hs6 22000000 22999999 1
hs6 23000000 23999999 8
hs6 24000000 24999999 10
hs6 25000000 25999999 5
hs6 26000000 26999999 42
hs6 27000000 27999999 18
hs6 28000000 28999999 13
hs6 29000000 29999999 15
hs6 30000000 30999999 7
hs6 31000000 31999999 7
hs6 32000000 32999999 44
hs6 33000000 33999999 3
hs6 34000000 34999999 13
hs6 35000000 35999999 1
hs6 36000000 36999999 1
hs6 39000000 39999999 1
hs6 41000000 41999999 5
hs6 42000000 42999999 6
hs6 43000000 43999999 16
hs6 44000000 44999999 1
hs6 46000000 46999999 6
hs6 47000000 47999999 1
hs6 48000000 48999999 8
hs6 51000000 51999999 1
hs6 52000000 52999999 7
hs6 53000000 53999999 4
hs6 54000000 54999999 1
hs6 56000000 56999999 4
hs6 57000000 57999999 3
hs6 58000000 58999999 16
hs6 62000000 62999999 1
hs6 63000000 63999999 10
hs6 66000000 66999999 11
hs6 67000000 67999999 3
hs6 70000000 70999999 12
hs6 71000000 71999999 3
hs6 73000000 73999999 8
hs6 74000000 74999999 15
hs6 76000000 76999999 4
hs6 80000000 80999999 21
hs6 84000000 84999999 4
hs6 86000000 86999999 6
hs6 87000000 87999999 2
hs6 89000000 89999999 3
hs6 90000000 90999999 3
hs6 91000000 91999999 5
hs6 93000000 93999999 1
hs6 97000000 97999999 2
hs6 98000000 98999999 1
hs6 99000000 99999999 2
hs6 100000000 100999999 3
hs6 101000000 101999999 2
hs6 103000000 103999999 6
hs6 105000000 105999999 1
hs6 106000000 106999999 1
hs6 108000000 108999999 1
hs6 109000000 109999999 11
hs6 110000000 110999999 1
hs6 111000000 111999999 6
hs6 112000000 112999999 18
hs6 113000000 113999999 8
hs6 114000000 114999999 1
hs6 116000000 116999999 5
hs6 118000000 118999999 3
hs6 121000000 121999999 12
hs6 122000000 122999999 3
hs6 123000000 123999999 1
hs6 127000000 127999999 6
hs6 129000000 129999999 3
hs6 131000000 131999999 1
hs6 132000000 132999999 9
hs6 134000000 134999999 19
hs6 135000000 135999999 3
hs6 138000000 138999999 1
hs6 147000000 147999999 2
hs6 150000000 150999999 9
hs6 151000000 151999999 7
hs6 153000000 153999999 6
hs6 156000000 156999999 1
hs6 157000000 157999999 4
hs6 159000000 159999999 1
hs6 160000000 160999999 7
hs6 161000000 161999999 3
hs6 166000000 166999999 7
hs6 167000000 167999999 15
hs6 168000000 168999999 9
hs6 170000000 170999999 38
hs17 0 999999 9
hs17 1000000 1999999 3
hs17 2000000 2999999 6
hs17 3000000 3999999 2
hs17 4000000 4999999 24
hs17 5000000 5999999 11
hs17 7000000 7999999 1
hs17 12000000 12999999 1
hs17 13000000 13999999 3
hs17 14000000 14999999 3
hs17 15000000 15999999 13
hs17 16000000 16999999 36
hs17 18000000 18999999 45
hs17 19000000 19999999 4
hs17 20000000 20999999 68
hs17 21000000 21999999 39
hs17 22000000 22999999 25
hs17 23000000 23999999 21
hs17 25000000 25999999 35
hs17 26000000 26999999 41
hs17 27000000 27999999 37
hs17 29000000 29999999 1
hs17 30000000 30999999 3
hs17 31000000 31999999 61
hs17 32000000 32999999 2
hs17 33000000 33999999 42
hs17 34000000 34999999 9
hs17 36000000 36999999 6
hs17 37000000 37999999 3
hs17 38000000 38999999 17
hs17 39000000 39999999 15
hs17 40000000 40999999 20
hs17 41000000 41999999 33
hs17 42000000 42999999 14
hs17 43000000 43999999 1
hs17 52000000 52999999 1
hs17 53000000 53999999 1
hs17 54000000 54999999 1
hs17 55000000 55999999 18
hs17 56000000 56999999 1
hs17 57000000 57999999 2
hs17 59000000 59999999 7
hs17 60000000 60999999 24
hs17 63000000 63999999 3
hs17 65000000 65999999 1
hs17 71000000 71999999 1
hs17 75000000 75999999 1
hs17 76000000 76999999 1
hs17 77000000 77999999 1
hs17 78000000 78999999 2
hs14 18000000 18999999 59
hs14 19000000 19999999 30
hs14 20000000 20999999 10
hs14 21000000 21999999 1
hs14 22000000 22999999 1
hs14 23000000 23999999 2
hs14 24000000 24999999 12
hs14 27000000 27999999 2
hs14 34000000 34999999 1
hs14 38000000 38999999 1
hs14 41000000 41999999 2
hs14 45000000 45999999 1
hs14 50000000 50999999 1
hs14 51000000 51999999 6
hs14 55000000 55999999 1
hs14 57000000 57999999 1
hs14 58000000 58999999 2
hs14 60000000 60999999 9
hs14 61000000 61999999 2
hs14 62000000 62999999 1
hs14 64000000 64999999 1
hs14 65000000 65999999 1
hs14 66000000 66999999 4
hs14 67000000 67999999 2
hs14 68000000 68999999 6
hs14 69000000 69999999 1
hs14 72000000 72999999 2
hs14 73000000 73999999 1
hs14 74000000 74999999 1
hs14 76000000 76999999 5
hs14 80000000 80999999 9
hs14 88000000 88999999 2
hs14 89000000 89999999 2
hs14 91000000 91999999 3
hs14 92000000 92999999 1
hs14 93000000 93999999 1
hs14 94000000 94999999 3
hs14 96000000 96999999 1
hs14 100000000 100999999 4
hs14 101000000 101999999 1
hs14 102000000 102999999 4
hs14 103000000 103999999 1
hs14 104000000 104999999 10
hs14 105000000 105999999 58
hs14 106000000 106999999 8
hs21 9000000 9999999 5
hs21 10000000 10999999 12
hs21 13000000 13999999 9
hs21 14000000 14999999 6
hs21 24000000 24999999 1
hs21 28000000 28999999 2
hs21 42000000 42999999 1
hs21 43000000 43999999 1
hs21 44000000 44999999 10
hs21 46000000 46999999 2
