hsX 0 999999 5.12029418179988059
hsX 1000000 1999999 5.88086673295950956
hsX 2000000 2999999 5.90231190327647043
hsX 3000000 3999999 5.66054010941222328
hsX 6000000 6999999 5.2159652092309894
hsX 7000000 7999999 4.77835387386672881
hsX 8000000 8999999 5.28996110915367974
hsX 9000000 9999999 3.75996985755430723
hsX 11000000 11999999 4.30139898917356443
hsX 12000000 12999999 3.88727963453002307
hsX 13000000 13999999 3.53313628827863885
hsX 14000000 14999999 4.09878212431469193
hsX 15000000 15999999 4.16500677956836794
hsX 17000000 17999999 4.06703363984226216
hsX 21000000 21999999 3.07736790528415649
hsX 22000000 22999999 3.88223984801882345
hsX 23000000 23999999 3.86302529622947042
hsX 24000000 24999999 4.15372342430168079
hsX 25000000 25999999 3.35333909531130468
hsX 26000000 26999999 4.0711084217824497
hsX 27000000 27999999 4.220265033587232
hsX 30000000 30999999 3.48543748107630132
hsX 32000000 32999999 4.07961532352694347
hsX 34000000 34999999 4.25712635802259259
hsX 36000000 36999999 4.87847583598141093
hsX 37000000 37999999 3.87378546081820081
hsX 38000000 38999999 3.12548126570059403
hsX 39000000 39999999 3.56867097800989672
hsX 40000000 40999999 3.76544501809015005
hsX 41000000 41999999 3.99659922270016677
hsX 43000000 43999999 4.07397481986665857
hsX 44000000 44999999 4.50759953534207068
hsX 45000000 45999999 3.63083451782805061
hsX 46000000 46999999 3.95779877492999786
hsX 47000000 47999999 5.81529078011609987
hsX 48000000 48999999 5.93678006829634751
hsX 49000000 49999999 5.31057649371665678
hsX 50000000 50999999 4.68214507637383177
hsX 51000000 51999999 4.93396282788362505
hsX 52000000 52999999 6.01340144087054778
hsX 53000000 53999999 4.34727145480960456
hsX 54000000 54999999 4.25418540946209191
hsX 55000000 55999999 4.860613471552273
hsX 56000000 56999999 3.62417892574802235
hsX 57000000 57999999 4.41148502012499662
hsX 62000000 62999999 4.77109485420780342
hsX 63000000 63999999 3.91200937558697832
hsX 64000000 64999999 4.24676931494647072
hsX 65000000 65999999 4.0740846890282438
hsX 67000000 67999999 3.63668844795328275
hsX 68000000 68999999 4.02739038468496941
hsX 69000000 69999999 3.11991541025799106
hsX 70000000 70999999 5.19862959909201886
hsX 71000000 71999999 5.15290570457135399
hsX 72000000 72999999 4.25832593474897237
hsX 73000000 73999999 4.57693996433489287
hsX 74000000 74999999 4.0305187648435425
hsX 75000000 75999999 3.98533664173561276
hsX 77000000 77999999 4.03992941410856039
hsX 79000000 79999999 3.02612451674545026
hsX 80000000 80999999 4.13595909212455703
hsX 82000000 82999999 3.88001283836677174
hsX 83000000 83999999 3.76282855318909049
hsX 84000000 84999999 4.06457029224402573
hsX 86000000 86999999 4.09527398809818187
hsX 88000000 88999999 5.82043989462166681
hsX 89000000 89999999 5.96275136568134723
hsX 90000000 90999999 5.72568136253038143
hsX 91000000 91999999 5.85787924253925652
hsX 92000000 92999999 5.43557523654445555
hsX 93000000 93999999 3.03702787975577496
hsX 94000000 94999999 3.34084054981233155
hsX 95000000 95999999 3.22840035870300473
hsX 98000000 98999999 3.61552922363713276
hsX 99000000 99999999 4.62442649279585681
hsX 100000000 100999999 5.06665012724099464
hsX 101000000 101999999 5.30295831876462622
hsX 102000000 102999999 4.08912762904427854
hsX 103000000 103999999 4.88542907324341524
hsX 104000000 104999999 3.82846654735267833
hsX 105000000 105999999 4.53417846335708482
hsX 106000000 106999999 3.49345805099518842
hsX 107000000 107999999 3.47055748521727417
hsX 108000000 108999999 3.48939592172712946
hsX 109000000 109999999 3.25042000230889398
hsX 110000000 110999999 3.72892164637285937
hsX 111000000 111999999 3.07627625540421762
hsX 113000000 113999999 3.64365003821732916
hsX 114000000 114999999 4.48035194057775837
hsX 115000000 115999999 4.26510096622193663
hsX 116000000 116999999 3.68752896121463433
hsX 117000000 117999999 3.61341894503457307
hsX 118000000 118999999 4.47696198420825274
hsX 119000000 119999999 4.99376678574526079
hsX 120000000 120999999 3.84825071467704246
hsX 122000000 122999999 3.49568306761691525
hsX 123000000 123999999 3.78518742002936188
hsX 126000000 126999999 3.49248101012887666
hsX 128000000 128999999 3.69328715700565554
hsX 129000000 129999999 3.18012587516405395
hsX 130000000 130999999 3.80895329915591112
hsX 132000000 132999999 3.75004531201176754
hsX 133000000 133999999 4.64998678463664825
hsX 134000000 134999999 5.49501120187858207
hsX 135000000 135999999 3.57065967002153407
hsX 136000000 136999999 3.38881141347352358
hsX 138000000 138999999 4.45421963566000158
hsX 139000000 139999999 5.24134472586757283
hsX 140000000 140999999 5.42726046404095042
hsX 142000000 142999999 4.60846184738372753
hsX 144000000 144999999 3.18412335423967112
hsX 145000000 145999999 4.5210465059357599
hsX 146000000 146999999 3.9074651067658562
hsX 147000000 147999999 4.11324123243259897
hsX 148000000 148999999 4.97135008076664306
hsX 149000000 149999999 3.65321251377534368
hsX 150000000 150999999 3.5028366386210031
hsX 151000000 151999999 5.11498774300837903
hsX 152000000 152999999 5.10645948501555065
hsX 153000000 153999999 5.14385445721928115
hsX 154000000 154999999 5.08422584144936329
hs12 0 999999 4.51705066882822283
hs12 1000000 1999999 3.69583177282669222
hs12 2000000 2999999 3.80834603574039485
hs12 3000000 3999999 3.34024576156793169
hs12 5000000 5999999 4.48706763771631615
hs12 6000000 6999999 4.29034630065393263
hs12 7000000 7999999 4.60019940256966328
hs12 8000000 8999999 5.52203060912002831
hs12 9000000 9999999 5.46235157083491707
hs12 10000000 10999999 4.37463838412018782
hs12 11000000 11999999 5.14749391316682342
hs12 12000000 12999999 3.55400432101190293
hs12 14000000 14999999 3.41763773965222966
hs12 16000000 16999999 3.12188798510368113
hs12 17000000 17999999 3.76004532796581061
hs12 19000000 19999999 3.65734273681462606
hs12 20000000 20999999 3.17551181336344767
hs12 21000000 21999999 3.07114529045108284
hs12 22000000 22999999 3.1048284036536554
hs12 25000000 25999999 3.27253777737523737
hs12 27000000 27999999 4.95695080056974547
hs12 29000000 29999999 4.55036290233166101
hs12 30000000 30999999 3.34419571587143493
hs12 31000000 31999999 3.93961907895669815
hs12 32000000 32999999 3.63457802285388809
hs12 33000000 33999999 4.3099281104349208
hs12 34000000 34999999 5.55313510534015076
hs12 36000000 36999999 5.64332039393174172
hs12 38000000 38999999 3.21165440055318243
hs12 39000000 39999999 3.15411952551584675
hs12 40000000 40999999 4.25022476990196345
hs12 42000000 42999999 3.30535136944662377
hs12 43000000 43999999 3.54555450723406496
hs12 47000000 47999999 3.19089171692216963
hs12 48000000 48999999 3.06220580881971262
hs12 49000000 49999999 3.77342072329061003
hs12 50000000 50999999 4.78974283730664365
hs12 51000000 51999999 4.20930049515970509
hs12 52000000 52999999 4.69316393541824833
hs12 54000000 54999999 3.93811926919431171
hs12 55000000 55999999 3.91603261018856946
hs12 56000000 56999999 3.43328968519502575
hs12 61000000 61999999 3.33142729652074305
hs12 62000000 62999999 4.48759082451605452
hs12 63000000 63999999 3.23095955574856907
hs12 64000000 64999999 3.71675435743269718
hs12 67000000 67999999 3.86260836396494183
hs12 69000000 69999999 3.03019478535675121
hs12 72000000 72999999 3.08849047018239623
hs12 73000000 73999999 3.19534605834841964
hs12 74000000 74999999 3.56831908509511178
hs12 78000000 78999999 3.43264866001310671
hs12 86000000 86999999 3.02118929906993807
hs12 88000000 88999999 3.32489949705231337
hs12 91000000 91999999 4.17577265960153579
hs12 92000000 92999999 3.83384804953114811
hs12 94000000 94999999 3.22297644989339134
hs12 97000000 97999999 3.79940947961512681
hs12 98000000 98999999 3.16996817399689245
hs12 99000000 99999999 3.5225746326911768
hs12 100000000 100999999 3.23578087032756026
hs12 102000000 102999999 3.44075170047918546
hs12 103000000 103999999 3.06445798922691848
hs12 104000000 104999999 3.51706387348265469
hs12 105000000 105999999 3.58342550040650681
hs12 106000000 106999999 3.33264041038746256
hs12 109000000 109999999 3.25017594808392504
hs12 110000000 110999999 3.52361641905437075
hs12 111000000 111999999 3.03019478535675121
hs12 113000000 113999999 4.19220492541458968
hs12 121000000 121999999 3.51745982654023223
hs12 124000000 124999999 3.11594317693905512
hs12 127000000 127999999 3.36172783601759288
hs12 128000000 128999999 3.58319877396862274
hs12 130000000 130999999 4.9137555894598852
hs12 131000000 131999999 3.89850578553435866
hs22 14000000 14999999 4.33711968000286487
hs22 15000000 15999999 4.91171676912009007
hs22 16000000 16999999 4.13545069934551376
hs22 17000000 17999999 6.05160433964312293
hs22 18000000 18999999 5.85048510593264738
hs22 19000000 19999999 5.71694440826329699
hs22 20000000 20999999 4.93908474084460083
hs22 21000000 21999999 5.27348972333697427
hs22 22000000 22999999 5.3018240282474424
hs22 23000000 23999999 4.77001205462655152
hs22 24000000 24999999 4.77133756106011902
hs22 28000000 28999999 4.68423476681262881
hs22 30000000 30999999 4.0661394928706995
hs22 31000000 31999999 4.77994263459328707
hs22 34000000 34999999 3.85925841746730689
hs22 37000000 37999999 4.64889644800393103
hs22 40000000 40999999 4.25227034598832152
hs22 41000000 41999999 4.53582558388462374
hs22 42000000 42999999 3.20709554041921804
hs22 43000000 43999999 3.29994290002276703
hs22 47000000 47999999 3.46448954743397134
hs22 48000000 48999999 3.31910605930977632
hs22 49000000 49999999 3.21351775699630488
hs11 0 999999 5.34777871706536431
hs11 1000000 1999999 4.61333432023268737
hs11 2000000 2999999 3.51653537389579958
hs11 3000000 3999999 6.00518909531386949
hs11 4000000 4999999 4.89919650813075956
hs11 5000000 5999999 4.334936032690669
hs11 6000000 6999999 3.03981055414835035
hs11 9000000 9999999 3.51785541893002867
hs11 10000000 10999999 3.02938377768520964
hs11 13000000 13999999 4.04867481499222942
hs11 14000000 14999999 3.10788802518279862
hs11 16000000 16999999 3.37069809257557687
hs11 17000000 17999999 4.92310925241809451
hs11 18000000 18999999 4.5511693237822955
hs11 23000000 23999999 3.43711609304807862
hs11 25000000 25999999 3.84683175282325736
hs11 28000000 28999999 3.49276038902683751
hs11 31000000 31999999 3.68160299873086844
hs11 32000000 32999999 3.06818586174616164
hs11 33000000 33999999 3.62438524142026507
hs11 43000000 43999999 3.27600198996205017
hs11 46000000 46999999 3.26126286879249351
hs11 48000000 48999999 6.01657040199226086
hs11 49000000 49999999 6.11598008707612071
hs11 50000000 50999999 4.64940301617466302
hs11 54000000 54999999 5.17941102477248808
hs11 55000000 55999999 4.85450643916612363
hs11 56000000 56999999 4.28269007226821821
hs11 57000000 57999999 4.20363112633051249
hs11 58000000 58999999 4.8250234459795956
hs11 59000000 59999999 3.17231096852195421
hs11 60000000 60999999 4.27288544475756949
hs11 61000000 61999999 4.28521964320206068
hs11 63000000 63999999 4.37182490732889242
hs11 64000000 64999999 3.93262594402178219
hs11 67000000 67999999 6.00058416731617413
hs11 69000000 69999999 3.35812528527664857
hs11 70000000 70999999 5.09518679262699065
hs11 71000000 71999999 5.7760368883078441
hs11 72000000 72999999 4.08870296035147417
hs11 73000000 73999999 4.44658376269429933
hs11 74000000 74999999 3.40773072802633545
hs11 75000000 75999999 3.45316539252585721
hs11 77000000 77999999 3.55071742346928272
hs11 80000000 80999999 3.24402958903002171
hs11 83000000 83999999 3.43901672838751282
hs11 84000000 84999999 3.48415742436538069
hs11 85000000 85999999 3.21457895357049908
hs11 86000000 86999999 3.36248247475117444
hs11 87000000 87999999 3.08457627793433099
hs11 89000000 89999999 5.48712281415833078
hs11 92000000 92999999 3.5674968911042226
hs11 93000000 93999999 3.41830129131974546
hs11 94000000 94999999 3.99973934510656803
hs11 97000000 97999999 3.29907126002740955
hs11 100000000 100999999 3.56925683332861014
hs11 103000000 103999999 3.29754166781815985
hs11 104000000 104999999 4.47674470297267636
hs11 106000000 106999999 3.72476724564631037
hs11 110000000 110999999 4.00268431298972937
hs11 111000000 111999999 4.02131336548469505
hs11 112000000 112999999 3.47377883464672476
hs11 113000000 113999999 4.09659720835789399
hs11 116000000 116999999 3.80935767021110575
hs11 117000000 117999999 3.30941722577814
hs11 118000000 118999999 3.82878874818495312
hs11 119000000 119999999 3.32980452216406941
hs11 120000000 120999999 3.03822263836871843
hs11 121000000 121999999 3.46701581843843551
hs11 122000000 122999999 3.44326298745869504
hs11 123000000 123999999 3.81117269506655431
hs11 124000000 124999999 3.11527759139590139
hs11 125000000 125999999 3.99051644402822905
hs11 129000000 129999999 3.73319726510656944
hs11 130000000 130999999 4.04485321726773153
hs11 131000000 131999999 3.08242630086077189
hs11 133000000 133999999 3.38560627359831219
hs11 134000000 134999999 4.79664370378511647
hs10 0 999999 5.27799406470145719
hs10 1000000 1999999 3.38417413880703344
hs10 2000000 2999999 3.07003786660775507
hs10 3000000 3999999 3.04099769242349057
hs10 4000000 4999999 4.65805911870341099
hs10 5000000 5999999 4.48582076353082525
hs10 8000000 8999999 3.4746532533620627
hs10 13000000 13999999 4.50731604007641365
hs10 14000000 14999999 3.59549622182557412
hs10 15000000 15999999 5.42500570304582396
hs10 16000000 16999999 5.08221790446764436
hs10 17000000 17999999 5.31079736065891717
hs10 18000000 18999999 4.32409717168761397
hs10 19000000 19999999 3.85266294434456924
hs10 21000000 21999999 4.74707760665261441
hs10 23000000 23999999 3.5927317663939622
hs10 24000000 24999999 3.28869626059025577
hs10 26000000 26999999 5.02965563398475753
hs10 27000000 27999999 5.39933619025582534
hs10 28000000 28999999 4.46645239647855108
hs10 29000000 29999999 4.98579907988515573
hs10 30000000 30999999 4.90119123263879071
hs10 31000000 31999999 4.01494034979293656
hs10 32000000 32999999 3.17055505852120848
hs10 33000000 33999999 3.02036128264770785
hs10 36000000 36999999 5.15086691768950977
hs10 37000000 37999999 5.6746912460328709
hs10 38000000 38999999 5.9744002264036869
hs10 39000000 39999999 5.78196923893750035
hs10 41000000 41999999 5.72688932623527779
hs10 42000000 42999999 6.00546108251825519
hs10 43000000 43999999 3.8891335559667239
hs10 44000000 44999999 4.82698133691199368
hs10 45000000 45999999 6.16406154283141274
hs10 46000000 46999999 6.388748783977411
hs10 47000000 47999999 6.16709363025687011
hs10 48000000 48999999 5.93448532121191568
hs10 50000000 50999999 5.64080728401351486
hs10 51000000 51999999 5.50554337946115115
hs10 52000000 52999999 5.30281561307817506
hs10 53000000 53999999 3.81848982220421343
hs10 55000000 55999999 4.77948826486313649
hs10 56000000 56999999 4.29778238936325795
hs10 57000000 57999999 5.46531294225814603
hs10 59000000 59999999 3.91996670148338715
hs10 60000000 60999999 3.07518185461869158
hs10 64000000 64999999 3.17811325231463181
hs10 66000000 66999999 4.24721197074211204
hs10 69000000 69999999 3.06445798922691848
hs10 70000000 70999999 3.78361776519074873
hs10 71000000 71999999 3.62490060220449019
hs10 74000000 74999999 4.12823767076918726
hs10 75000000 75999999 4.69718573670697713
hs10 79000000 79999999 4.04332297357457539
hs10 80000000 80999999 5.1128529075531764
hs10 81000000 81999999 6.03195230468607563
hs10 82000000 82999999 3.56026539786271468
hs10 85000000 85999999 4.17669884611857159
hs10 86000000 86999999 3.61299565603234748
hs10 88000000 88999999 4.76497521624037681
hs10 89000000 89999999 4.91655395636954131
hs10 92000000 92999999 4.12574143912871551
hs10 93000000 93999999 3.76387703149565492
hs10 94000000 94999999 3.09412159584056139
hs10 95000000 95999999 3.08671566394488247
hs10 96000000 96999999 4.06584103431971891
hs10 97000000 97999999 3.99131469817661082
hs10 98000000 98999999 3.58793534863635606
hs10 99000000 99999999 4.05445983723940399
hs10 100000000 100999999 3.63998424804158853
hs10 101000000 101999999 4.50330029340127159
hs10 102000000 102999999 3.61129836229642879
hs10 104000000 104999999 4.09551804232315081
hs10 105000000 105999999 3.06781451116184011
hs10 107000000 107999999 3.17811325231463181
hs10 112000000 112999999 3.05804623039528174
hs10 115000000 115999999 3.29070224328785439
hs10 120000000 120999999 3.40019248859257598
hs10 124000000 124999999 3.05346260492545529
hs10 126000000 126999999 3.81371439188114482
hs10 127000000 127999999 3.10414555055400817
hs10 131000000 131999999 4.1459418695761218
hs10 133000000 133999999 3.26481782300953646
hs10 134000000 134999999 3.64236558084497327
hs10 135000000 135999999 5.13160262659060144
hs7 0 999999 5.89441797698153229
hs7 1000000 1999999 4.53321262985125565
hs7 2000000 2999999 3.80631566980811353
hs7 4000000 4999999 4.38178271263518694
hs7 5000000 5999999 5.97680513051043204
hs7 6000000 6999999 6.23950794050222884
hs7 7000000 7999999 4.79578967469587818
hs7 9000000 9999999 3.31785448933146918
hs7 10000000 10999999 4.11912386481061708
hs7 11000000 11999999 3.16524432612531083
hs7 12000000 12999999 3.18155777386278634
hs7 14000000 14999999 3.23804610312879541
hs7 19000000 19999999 3.0429690733931801
hs7 20000000 20999999 3.7691556907143988
hs7 21000000 21999999 3.59659709562646023
hs7 22000000 22999999 4.99916100175593753
hs7 23000000 23999999 4.25166254998979441
hs7 25000000 25999999 4.2858497404934423
hs7 26000000 26999999 3.92885653358191069
hs7 27000000 27999999 4.28280331429172839
hs7 28000000 28999999 3.02816441942446989
hs7 29000000 29999999 5.50198850697207735
hs7 30000000 30999999 5.1755495008354084
hs7 32000000 32999999 5.52362292236719278
hs7 33000000 33999999 4.1419825155528039
hs7 35000000 35999999 5.75090239809760654
hs7 36000000 36999999 4.00535213648621663
hs7 37000000 37999999 3.47538059314336117
hs7 38000000 38999999 4.52791332405489805
hs7 39000000 39999999 5.65803239500353421
hs7 40000000 40999999 3.27346427262134632
hs7 42000000 42999999 4.16426360802266055
hs7 43000000 43999999 4.86125952957837844
hs7 44000000 44999999 5.58063534946821753
hs7 45000000 45999999 5.77554564483334759
hs7 47000000 47999999 3.46329560996200272
hs7 48000000 48999999 4.52218331761868633
hs7 51000000 51999999 5.47462559041215664
hs7 53000000 53999999 5.85317845061394656
hs7 54000000 54999999 4.37557217391803715
hs7 55000000 55999999 5.52195488755944524
hs7 56000000 56999999 6.09716495588392494
hs7 57000000 57999999 6.40281417546506096
hs7 61000000 61999999 6.14150370409573347
hs7 62000000 62999999 5.83125595571867914
hs7 63000000 63999999 5.20623742663729316
hs7 64000000 64999999 6.34276228473687556
hs7 65000000 65999999 5.71695440863514582
hs7 66000000 66999999 5.85541859607119684
hs7 67000000 67999999 4.49919203471005674
hs7 68000000 68999999 3.25478968739720996
hs7 71000000 71999999 5.50491512437594859
hs7 72000000 72999999 6.12243673869331695
hs7 73000000 73999999 5.73248784676832983
hs7 74000000 74999999 6.17907213651189114
hs7 75000000 75999999 5.20047292444586859
hs7 76000000 76999999 5.62622330769741032
hs7 82000000 82999999 3.80400305472961263
hs7 84000000 84999999 4.66701376658313274
hs7 86000000 86999999 4.30328247558451956
hs7 87000000 87999999 4.26750025939326561
hs7 88000000 88999999 3.1934029030624175
hs7 89000000 89999999 4.59583779124960762
hs7 91000000 91999999 3.69302306792369403
hs7 92000000 92999999 3.12221587827282666
hs7 93000000 93999999 3.86958370771342378
hs7 97000000 97999999 6.10825001219214039
hs7 99000000 99999999 5.26799961962321318
hs7 100000000 100999999 4.03814308996994245
hs7 101000000 101999999 5.33198170561237987
hs7 102000000 102999999 5.16352810348419605
hs7 104000000 104999999 4.22021272470648183
hs7 105000000 105999999 4.10033607593369598
hs7 107000000 107999999 3.59747578987037746
hs7 109000000 109999999 3.24154648059654842
hs7 110000000 110999999 3.18695633546541223
hs7 111000000 111999999 3.51877706892677483
hs7 112000000 112999999 3.80969435871692391
hs7 116000000 116999999 3.7355190588151711
hs7 120000000 120999999 4.26559602308759163
hs7 121000000 121999999 3.73166933182863625
hs7 122000000 122999999 3.67366587624570183
hs7 123000000 123999999 4.36187886870278858
hs7 124000000 124999999 3.29114676173188561
hs7 126000000 126999999 3.30470589821276544
hs7 127000000 127999999 5.03508536827388653
hs7 128000000 128999999 5.41200669524106027
hs7 129000000 129999999 3.70543604658525053
hs7 132000000 132999999 4.3207899776988062
hs7 134000000 134999999 3.1024337056813363
hs7 135000000 135999999 3.61616031284758297
hs7 136000000 136999999 3.18695633546541223
hs7 137000000 137999999 4.11816548524312377
hs7 138000000 138999999 3.86474833562965886
hs7 139000000 139999999 3.33865566557870027
hs7 140000000 140999999 3.52955867302116312
hs7 141000000 141999999 5.25152872064129417
hs7 142000000 142999999 5.41329137993696633
hs7 143000000 143999999 5.3027939869132209
hs7 146000000 146999999 3.12319807503199868
hs7 148000000 148999999 4.45481438213335097
hs7 149000000 149999999 5.71026125952034306
hs7 151000000 151999999 5.13146467741385078
hs7 152000000 152999999 4.11872755042700531
hs7 153000000 153999999 3.40891802084677981
hs7 154000000 154999999 3.8597385661971469
hs7 155000000 155999999 3.05076631123304228
hs7 156000000 156999999 3.61140463771159347
hs7 157000000 157999999 4.0740846890282438
hs7 158000000 158999999 3.05230909964732349
hs20 1000000 1999999 3.57852460527499318
hs20 3000000 3999999 3.18440748541232012
hs20 5000000 5999999 3.59428202881180611
hs20 22000000 22999999 3.06744284277638068
hs20 23000000 23999999 5.50031333430409869
hs20 25000000 25999999 5.61412597516361776
hs20 26000000 26999999 4.54533186188515805
hs20 28000000 28999999 3.99056082999401997
hs20 32000000 32999999 3.01029995663981195
hs20 39000000 39999999 3.10619089726341529
hs20 40000000 40999999 3.23274206272073683
hs20 45000000 45999999 4.95156577916505263
hs20 46000000 46999999 4.42173551132225512
hs20 48000000 48999999 3.75503593376777154
hs20 51000000 51999999 4.36910448557162936
hs20 55000000 55999999 3.07554696139253076
hs20 57000000 57999999 3.06295783408451025
hs20 59000000 59999999 3.43568513794162989
hs20 61000000 61999999 3.58172215994909876
hs20 62000000 62999999 4.00834462925268924
hs16 0 999999 4.27353368015129772
hs16 1000000 1999999 4.34262004255334797
hs16 2000000 2999999 5.38520932939048707
hs16 3000000 3999999 3.94265281169321218
hs16 11000000 11999999 5.65296537816706533
hs16 12000000 12999999 4.68770727962481894
hs16 14000000 14999999 6.30888334814405175
hs16 15000000 15999999 6.19148035769533149
hs16 16000000 16999999 6.09414502333289116
hs16 17000000 17999999 3.11760269169008428
hs16 18000000 18999999 6.03325925540779387
hs16 20000000 20999999 4.99878662494910794
hs16 21000000 21999999 6.23204088266022504
hs16 22000000 22999999 5.77286277043337833
hs16 23000000 23999999 3.52595134124801248
hs16 25000000 25999999 3.76760106805033545
hs16 28000000 28999999 6.06487186927663431
hs16 29000000 29999999 5.91772443960801491
hs16 30000000 30999999 5.16497410675340643
hs16 31000000 31999999 5.5945163011445341
hs16 32000000 32999999 6.39815241358257853
hs16 33000000 33999999 5.88011644754811422
hs16 34000000 34999999 4.74884672420990086
hs16 44000000 44999999 4.00906827619221855
hs16 45000000 45999999 4.92780649186395274
hs16 47000000 47999999 3.57112627708431165
hs16 50000000 50999999 3.82730464108973494
hs16 51000000 51999999 3.7352794480604567
hs16 54000000 54999999 5.14424719620565174
hs16 55000000 55999999 3.4598446423882078
hs16 56000000 56999999 3.03782475058834188
hs16 57000000 57999999 3.0429690733931801
hs16 61000000 61999999 3.17493159352844255
hs16 65000000 65999999 3.9709044981537837
hs16 68000000 68999999 5.37489491856698053
hs16 70000000 70999999 4.04516644806522845
hs16 72000000 72999999 4.37491323665888713
hs16 73000000 73999999 3.48812749624745844
hs16 74000000 74999999 3.08206693428511302
hs16 83000000 83999999 3.95462837750727101
hs16 84000000 84999999 3.25575478664304417
hs16 86000000 86999999 3.09516935143175515
hs16 88000000 88999999 5.23581367459856354
hs4 0 999999 5.40154700429984617
hs4 1000000 1999999 4.04945061813154957
hs4 2000000 2999999 3.33745926129065613
hs4 3000000 3999999 6.00227494582677637
hs4 4000000 4999999 6.46197008196632999
hs4 7000000 7999999 3.42942926438178763
hs4 8000000 8999999 5.39604757913502795
hs4 9000000 9999999 6.53970411630952903
hs4 10000000 10999999 3.51228406328185358
hs4 12000000 12999999 3.35888620440586903
hs4 15000000 15999999 3.96075609090177283
hs4 17000000 17999999 3.41329976408125183
hs4 20000000 20999999 3.00302947055361801
hs4 22000000 22999999 4.73053195951002975
hs4 24000000 24999999 3.83448428533480523
hs4 25000000 25999999 3.49554433754644848
hs4 26000000 26999999 4.42555052253771295
hs4 27000000 27999999 3.13735411137073288
hs4 28000000 28999999 3.54157924394658092
hs4 31000000 31999999 3.49526674438781039
hs4 32000000 32999999 3.62603224782901886
hs4 33000000 33999999 5.14012448784930396
hs4 34000000 34999999 4.66590916735713188
hs4 37000000 37999999 3.10551018476997398
hs4 39000000 39999999 3.71949701661058166
hs4 40000000 40999999 3.65581049449525227
hs4 44000000 44999999 5.15387581367897797
hs4 45000000 45999999 3.12968989219930102
hs4 48000000 48999999 5.62799737762648747
hs4 49000000 49999999 5.71749991324098744
hs4 54000000 54999999 3.55726652886990412
hs4 55000000 55999999 3.81624129999178307
hs4 57000000 57999999 3.58285846222449931
hs4 60000000 60999999 4.69115224717068171
hs4 63000000 63999999 4.01485642004450581
hs4 66000000 66999999 3.00987563371216016
hs4 67000000 67999999 3.4602963267574754
hs4 68000000 68999999 4.98615343208607767
hs4 69000000 69999999 5.86959015816417121
hs4 70000000 70999999 5.52840243795361745
hs4 71000000 71999999 4.16524432612531083
hs4 73000000 73999999 4.32533090524369556
hs4 74000000 74999999 3.48572142648158
hs4 75000000 75999999 4.8901694240375372
hs4 77000000 77999999 3.34301449715076762
hs4 78000000 78999999 4.43407365378505055
hs4 79000000 79999999 4.5860807074609025
hs4 80000000 80999999 3.60379370413696292
hs4 81000000 81999999 4.35608324914729341
hs4 82000000 82999999 3.14207646107328486
hs4 83000000 83999999 4.47299034967665816
hs4 84000000 84999999 3.28981183911762144
hs4 85000000 85999999 4.00569518111851036
hs4 86000000 86999999 3.60249406880728103
hs4 88000000 88999999 3.77166095934888742
hs4 91000000 91999999 3.80297885533526182
hs4 92000000 92999999 3.09760432887441088
hs4 97000000 97999999 3.02978947083185563
hs4 99000000 99999999 3.04610478724603867
hs4 100000000 100999999 3.60238559010510512
hs4 101000000 101999999 4.46447464345545606
hs4 102000000 102999999 3.56348108539441067
hs4 103000000 103999999 3.79469712689199861
hs4 104000000 104999999 5.61406261135580669
hs4 106000000 106999999 4.39082916870014538
hs4 107000000 107999999 3.54740545966748963
hs4 109000000 109999999 3.31407799177921287
hs4 110000000 110999999 4.09236969962912065
hs4 111000000 111999999 4.88249607735774041
hs4 112000000 112999999 3.60884682232641161
hs4 113000000 113999999 3.53237213356787741
hs4 114000000 114999999 3.05690485133647259
hs4 117000000 117999999 3.94807048151894112
hs4 119000000 119999999 6.07133695709024157
hs4 120000000 120999999 5.86346383421317489
hs4 122000000 122999999 3.2995072987004876
hs4 123000000 123999999 3.6885977750811698
hs4 124000000 124999999 3.58624963886604188
hs4 127000000 127999999 3.04493154614916006
hs4 129000000 129999999 3.36548798489089967
hs4 132000000 132999999 6.00131825249488367
hs4 133000000 133999999 5.75251861485973869
hs4 136000000 136999999 3.93876982278311744
hs4 137000000 137999999 4.20183393047435068
hs4 139000000 139999999 3.21774707326279363
hs4 140000000 140999999 3.94482799634321625
hs4 141000000 141999999 3.07518185461869158
hs4 144000000 144999999 5.14988390576709852
hs4 145000000 145999999 5.38301603147244736
hs4 146000000 146999999 4.16235527355207908
hs4 154000000 154999999 3.39304846641677823
hs4 156000000 156999999 3.74421472481416585
hs4 158000000 158999999 4.61373614126187131
hs4 159000000 159999999 3.48543748107630132
hs4 162000000 162999999 3.32221929473391927
hs4 164000000 164999999 3.08062648692180575
hs4 165000000 165999999 5.3163687904089908
hs4 166000000 166999999 4.13551428099878643
hs4 170000000 170999999 5.00162555828673736
hs4 173000000 173999999 3.47261019759604464
hs4 174000000 174999999 3.6577249542051082
hs4 176000000 176999999 3.61310151696691265
hs4 182000000 182999999 3.10516942799933163
hs4 183000000 183999999 3.05994188806195472
hs4 184000000 184999999 3.73822544814250508
hs4 185000000 185999999 4.46238302196895915
hs4 186000000 186999999 4.26890544121201433
hs4 187000000 187999999 3.61267791831650175
hs4 188000000 188999999 3.76767522402796004
hs4 189000000 189999999 3.8820689444361484
hs4 190000000 190999999 4.02370504262203736
hs4 191000000 191999999 5.80794477623374761
hs18 0 999999 4.79093225209930068
hs18 7000000 7999999 3.26339933133400229
hs18 10000000 10999999 4.86060748504060914
hs18 11000000 11999999 3.67154308526257377
hs18 12000000 12999999 4.30418882961484322
hs18 13000000 13999999 3.21484384804769788
hs18 14000000 14999999 5.94232311242430533
hs18 15000000 15999999 5.72830669707648366
hs18 22000000 22999999 3.30706795066129837
hs18 28000000 28999999 3.60863298949003694
hs18 31000000 31999999 3.24378191609379493
hs18 42000000 42999999 4.17496062293802545
hs18 43000000 43999999 3.08170727009734921
hs18 44000000 44999999 3.38649896555065314
hs18 47000000 47999999 3.56478438450398677
hs18 53000000 53999999 3.07003786660775507
hs18 54000000 54999999 3.54961623951908535
hs18 57000000 57999999 3.88405864709393841
hs18 59000000 59999999 4.29210093848041921
hs18 64000000 64999999 3.7004441010277515
hs18 68000000 68999999 3.12742877785159891
hs18 74000000 74999999 3.76350286546759704
hs18 75000000 75999999 3.52556305827006693
hs13 17000000 17999999 5.63700713442672011
hs13 18000000 18999999 6.14773628674163999
hs13 19000000 19999999 4.96181960774366353
hs13 20000000 20999999 4.74176595484731314
hs13 22000000 22999999 5.0137722695813365
hs13 23000000 23999999 5.11759937898117307
hs13 24000000 24999999 5.14161906821172977
hs13 25000000 25999999 3.4502491083193611
hs13 26000000 26999999 3.23121464796260103
hs13 28000000 28999999 4.47538059314336117
hs13 29000000 29999999 3.22608411597582384
hs13 34000000 34999999 5.28958449364412284
hs13 37000000 37999999 3.36059341356524887
hs13 38000000 38999999 3.13321945673249431
hs13 40000000 40999999 5.06709690549011034
hs13 41000000 41999999 4.31445712273467724
hs13 43000000 43999999 3.10174707394636621
hs13 44000000 44999999 3.62900161928699177
hs13 45000000 45999999 4.93036822595986941
hs13 49000000 49999999 4.12962545203568353
hs13 51000000 51999999 5.37511651560945284
hs13 52000000 52999999 4.17254455437236314
hs13 56000000 56999999 4.31557153461445285
hs13 58000000 58999999 3.4446692309385245
hs13 62000000 62999999 4.61789109442735459
hs13 63000000 63999999 4.73445577690318834
hs13 65000000 65999999 3.08813608870055127
hs13 66000000 66999999 3.01367969729119255
hs13 67000000 67999999 4.3833305520458351
hs13 69000000 69999999 3.04649516433470831
hs13 70000000 70999999 3.28958895254259672
hs13 71000000 71999999 3.01283722470517221
hs13 77000000 77999999 3.78110883572946642
hs13 81000000 81999999 3.37493155397818815
hs13 88000000 88999999 3.30362797638388979
hs13 89000000 89999999 3.5601458398490475
hs13 91000000 91999999 5.65933992631580948
hs13 92000000 92999999 5.17729403533889697
hs13 99000000 99999999 3.15350998930083757
hs13 110000000 110999999 3.9286518466536946
hs13 111000000 111999999 3.94537009449030378
hs13 112000000 112999999 5.41700476255347762
hs13 113000000 113999999 3.13033376849500612
hs13 114000000 114999999 3.91147721710610239
hs3 0 999999 4.75741880587834554
hs3 2000000 2999999 3.14457420760961636
hs3 5000000 5999999 3.35179630689702348
hs3 6000000 6999999 3.42683645380350806
hs3 8000000 8999999 5.59584880514666775
hs3 9000000 9999999 4.41355121317554999
hs3 10000000 10999999 4.80292416346327527
hs3 11000000 11999999 4.7259606101138588
hs3 12000000 12999999 4.67178357376848432
hs3 13000000 13999999 4.33241825970248495
hs3 14000000 14999999 3.30621050816776151
hs3 15000000 15999999 5.60539663705546364
hs3 16000000 16999999 5.39064548089597735
hs3 17000000 17999999 4.18675862718161387
hs3 18000000 18999999 3.02530586526477024
hs3 20000000 20999999 3.1673173347481761
hs3 22000000 22999999 4.11461098423217314
hs3 23000000 23999999 3.88332067838297526
hs3 25000000 25999999 3.29841638006129451
hs3 27000000 27999999 3.62448836251344891
hs3 28000000 28999999 3.0429690733931801
hs3 29000000 29999999 3.02036128264770785
hs3 30000000 30999999 3.29247759366778404
hs3 31000000 31999999 3.19562294358693668
hs3 32000000 32999999 4.58408233851837185
hs3 33000000 33999999 4.65098709438344508
hs3 34000000 34999999 4.70416768229036174
hs3 36000000 36999999 3.93831954334215565
hs3 37000000 37999999 3.94329661456665472
hs3 39000000 39999999 4.84133443835121945
hs3 40000000 40999999 4.60385858392423642
hs3 41000000 41999999 5.25745777238238811
hs3 42000000 42999999 4.6517430804162109
hs3 43000000 43999999 3.53844805171021721
hs3 44000000 44999999 4.225722698684167
hs3 46000000 46999999 4.22714082542318647
hs3 48000000 48999999 4.65902198291606708
hs3 50000000 50999999 3.56466606425208934
hs3 51000000 51999999 3.24129738710999317
hs3 52000000 52999999 3.18127177155946155
hs3 53000000 53999999 3.90493182739565261
hs3 62000000 62999999 3.04020662757471113
hs3 63000000 63999999 3.78504495833154408
hs3 67000000 67999999 3.62469453127208138
hs3 68000000 68999999 4.02877452650008822
hs3 69000000 69999999 3.01994668167884233
hs3 70000000 70999999 3.12936759572298561
hs3 72000000 72999999 3.1931245983544616
hs3 73000000 73999999 4.85425137192196528
hs3 75000000 75999999 6.65673939136276819
hs3 76000000 76999999 5.01213250588562468
hs3 77000000 77999999 4.64188045171556463
hs3 78000000 78999999 3.07077646284343468
hs3 80000000 80999999 3.98231646969206525
hs3 81000000 81999999 3.67458560230291389
hs3 82000000 82999999 3.68331726192188265
hs3 83000000 83999999 3.09201847075279703
hs3 85000000 85999999 3.01494034979293656
hs3 86000000 86999999 4.22960505984137539
hs3 87000000 87999999 3.34024576156793169
hs3 88000000 88999999 3.54580175715927617
hs3 89000000 89999999 3.42520805113865632
hs3 90000000 90999999 5.05891546873095226
hs3 95000000 95999999 4.31902273343041417
hs3 97000000 97999999 4.09805503966924334
hs3 99000000 99999999 3.98971671994810469
hs3 100000000 100999999 3.251638220448212
hs3 101000000 101999999 3.67897337591976515
hs3 102000000 102999999 4.25127311367437282
hs3 106000000 106999999 3.35024801833416281
hs3 107000000 107999999 3.72973159528703544
hs3 108000000 108999999 4.2395497208404731
hs3 109000000 109999999 3.25815819334079426
hs3 110000000 110999999 3.07445071895459122
hs3 111000000 111999999 4.28674829661371217
hs3 112000000 112999999 3.56972494922615889
hs3 113000000 113999999 5.26157687509218026
hs3 114000000 114999999 3.65858371540706275
hs3 115000000 115999999 3.63528263799821199
hs3 117000000 117999999 3.39759243403811671
hs3 118000000 118999999 3.91376088641232312
hs3 119000000 119999999 3.06295783408451025
hs3 121000000 121999999 4.04304774280411947
hs3 122000000 122999999 4.00612360621185438
hs3 123000000 123999999 4.40862997658627998
hs3 124000000 124999999 3.73567872590590456
hs3 125000000 125999999 4.68572382918219459
hs3 126000000 126999999 6.30127899215643117
hs3 127000000 127999999 6.18450319575489764
hs3 128000000 128999999 3.42813479402878882
hs3 130000000 130999999 4.47405592443789247
hs3 131000000 131999999 6.37246938599957092
hs3 132000000 132999999 4.07794899850602764
hs3 133000000 133999999 3.75572244490345806
hs3 134000000 134999999 3.32139127831168904
hs3 135000000 135999999 3.05346260492545529
hs3 137000000 137999999 3.46686762035410946
hs3 138000000 138999999 3.55581968306119116
hs3 139000000 139999999 4.56693219996573758
hs3 140000000 140999999 4.03622954408629454
hs3 141000000 141999999 3.42422807069597988
hs3 142000000 142999999 3.04218159451576624
hs3 143000000 143999999 4.29543514235314766
hs3 144000000 144999999 4.15189056873508871
hs3 148000000 148999999 3.1162755875805443
hs3 149000000 149999999 4.52534287705686453
hs3 150000000 150999999 3.45347123372293586
hs3 151000000 151999999 4.41336683140929852
hs3 153000000 153999999 3.93691568094525393
hs3 154000000 154999999 4.4188148474414222
hs3 157000000 157999999 4.42295078122701882
hs3 158000000 158999999 3.99956548822598231
hs3 161000000 161999999 3.95462837750727101
hs3 162000000 162999999 3.57737689191701451
hs3 165000000 165999999 3.0115704435972782
hs3 168000000 168999999 3.40500466505036935
hs3 169000000 169999999 3.45893986189032604
hs3 170000000 170999999 3.40739090447073154
hs3 171000000 171999999 4.12417805547467512
hs3 172000000 172999999 3.91745299192966349
hs3 173000000 173999999 3.89431606268443844
hs3 174000000 174999999 3.09621458534640518
hs3 175000000 175999999 3.34123662323869233
hs3 178000000 178999999 3.66885164808251875
hs3 180000000 180999999 4.2242740142942577
hs3 181000000 181999999 3.8111056070179304
hs3 182000000 182999999 3.42488163663106699
hs3 183000000 183999999 4.40452583977374668
hs3 184000000 184999999 3.99073832850753735
hs3 185000000 185999999 4.21104040573205334
hs3 186000000 186999999 4.64516672683986357
hs3 187000000 187999999 3.78894572702374776
hs3 188000000 188999999 3.88744850024995369
hs3 191000000 191999999 3.18836592606314827
hs3 192000000 192999999 3.54120469068325843
hs3 194000000 194999999 4.08421868673923878
hs3 196000000 196999999 5.60078237386667001
hs3 197000000 197999999 5.31658673188352687
hs3 198000000 198999999 5.01136318451388299
hs3 199000000 199999999 6.07935022610492829
hs9 0 999999 5.77192170755206948
hs9 4000000 4999999 4.46682315106568691
hs9 5000000 5999999 4.66071373290033263
hs9 6000000 6999999 4.09537859956006387
hs9 7000000 7999999 3.83765155784639245
hs9 8000000 8999999 3.21537315278342197
hs9 10000000 10999999 3.05269394192496786
hs9 11000000 11999999 3.47741068790725158
hs9 14000000 14999999 3.07773117965239204
hs9 18000000 18999999 3.1846914308175988
hs9 19000000 19999999 3.27230584440208642
hs9 21000000 21999999 5.09086796520025643
hs9 22000000 22999999 3.63598611180083302
hs9 27000000 27999999 4.16770123497136825
hs9 28000000 28999999 4.31979288848045086
hs9 30000000 30999999 3.72484908762938556
hs9 32000000 32999999 3.60873991906878795
hs9 33000000 33999999 5.55058420636396232
hs9 34000000 34999999 4.38966213751029995
hs9 35000000 35999999 4.17626494211414616
hs9 36000000 36999999 3.05037975626145778
hs9 37000000 37999999 4.55589213994458419
hs9 38000000 38999999 5.89918664839586033
hs9 39000000 39999999 6.54395188606468637
hs9 40000000 40999999 6.34162739159597325
hs9 41000000 41999999 6.47520367077085465
hs9 42000000 42999999 6.65036785381225401
hs9 43000000 43999999 6.39915693244155913
hs9 44000000 44999999 6.53459374639721233
hs9 45000000 45999999 6.40624271459759309
hs9 46000000 46999999 6.35269950326195928
hs9 47000000 47999999 5.03140846425162414
hs9 65000000 65999999 5.7001496816919146
hs9 66000000 66999999 6.41085278561203807
hs9 67000000 67999999 6.31073939395842476
hs9 68000000 68999999 6.128837865555082
hs9 69000000 69999999 6.56842691192150805
hs9 70000000 70999999 4.06770304404006554
hs9 72000000 72999999 4.25510357995610238
hs9 75000000 75999999 4.12287092286443551
hs9 76000000 76999999 3.513483956704257
hs9 77000000 77999999 3.02407498730742627
hs9 78000000 78999999 4.19345854260921108
hs9 79000000 79999999 3.43424945239647551
hs9 80000000 80999999 3.20493352235414482
hs9 83000000 83999999 5.10489662994896549
hs9 84000000 84999999 4.47395385929252593
hs9 85000000 85999999 4.83541151898123676
hs9 87000000 87999999 4.69697636668573394
hs9 88000000 88999999 3.51121470113638804
hs9 89000000 89999999 5.26506558341396785
hs9 90000000 90999999 4.57035610637421791
hs9 91000000 91999999 3.48586332959733464
hs9 92000000 92999999 5.74335138299039313
hs9 93000000 93999999 4.59815555719196153
hs9 94000000 94999999 4.31039589401022586
hs9 95000000 95999999 4.64144436328795699
hs9 96000000 96999999 5.36612959264373101
hs9 97000000 97999999 3.98636859357027295
hs9 98000000 98999999 5.06162209224377338
hs9 99000000 99999999 4.63285192599825098
hs9 100000000 100999999 4.11796693549176704
hs9 101000000 101999999 3.66520562843460061
hs9 102000000 102999999 4.08607495399552528
hs9 103000000 103999999 3.16166741243773587
hs9 105000000 105999999 4.21671996719027811
hs9 106000000 106999999 3.91307174030925075
hs9 107000000 107999999 4.00928088425535887
hs9 109000000 109999999 4.19292967889020008
hs9 110000000 110999999 3.24551266781414982
hs9 111000000 111999999 3.61140463771159347
hs9 114000000 114999999 4.68855329364702396
hs9 115000000 115999999 3.34927752746795528
hs9 116000000 116999999 3.82775686297861678
hs9 120000000 120999999 3.05537833137500007
hs9 122000000 122999999 4.42206429813628029
hs9 123000000 123999999 3.31407799177921287
hs9 124000000 124999999 3.40654018043395517
hs9 126000000 126999999 3.77626521826810949
hs9 127000000 127999999 4.2623324138226263
hs9 129000000 129999999 3.66801297164183207
hs9 130000000 130999999 4.01890844431632738
hs9 131000000 131999999 4.76393686815624879
hs9 134000000 134999999 4.41380251676935148
hs9 135000000 135999999 4.71406977597902772
hs9 136000000 136999999 3.07809415040641067
hs9 137000000 137999999 4.38358200460648436
hs9 138000000 138999999 3.95065688250451063
hs9 139000000 139999999 3.20248831706009354
hs9 140000000 140999999 5.6036455256139879
hs15 18000000 18999999 6.30777770312315112
hs15 19000000 19999999 6.11536650608682315
hs15 20000000 20999999 6.36242912714387426
hs15 21000000 21999999 5.90867370832394893
hs15 22000000 22999999 5.65281374493224639
hs15 23000000 23999999 4.12596896309255603
hs15 25000000 25999999 3.04139268515822504
hs15 26000000 26999999 6.24551513538942321
hs15 27000000 27999999 4.35036433163626499
hs15 28000000 28999999 6.19508396232560797
hs15 30000000 30999999 5.57044836546405583
hs15 32000000 32999999 5.45917377748943426
hs15 33000000 33999999 3.79091819521457828
hs15 34000000 34999999 3.79865064544526893
hs15 38000000 38999999 3.45530177165707637
hs15 39000000 39999999 3.15320490008428433
hs15 40000000 40999999 3.08170727009734921
hs15 41000000 41999999 5.0015649799873142
hs15 42000000 42999999 5.0113462610374942
hs15 43000000 43999999 4.19133921256392964
hs15 44000000 44999999 4.32112183270852762
hs15 45000000 45999999 5.13336004440314817
hs15 47000000 47999999 4.51114777849477272
hs15 50000000 50999999 3.65810683550639293
hs15 51000000 51999999 3.23678909940929293
hs15 60000000 60999999 3.99286267138902767
hs15 63000000 63999999 3.96227460462331476
hs15 65000000 65999999 4.12453682830127729
hs15 66000000 66999999 3.78675142214556119
hs15 69000000 69999999 3.76215319230359462
hs15 70000000 70999999 5.53939479916389399
hs15 72000000 72999999 5.43425264807626995
hs15 73000000 73999999 5.82725357503642493
hs15 75000000 75999999 5.25887184373163845
hs15 76000000 76999999 5.43886498328397626
hs15 77000000 77999999 3.97057930571485086
hs15 79000000 79999999 3.89103541531531082
hs15 80000000 80999999 6.40356711698276236
hs15 82000000 82999999 5.70003445744417958
hs15 83000000 83999999 4.65509999997070892
hs15 87000000 87999999 3.48072537898848769
hs15 88000000 88999999 3.96529579581165621
hs15 90000000 90999999 3.7558748556724914
hs15 91000000 91999999 3.72640116210292243
hs15 96000000 96999999 4.033182413729195
hs15 97000000 97999999 3.71733758272386378
hs15 98000000 98999999 4.59140967833526868
hs15 100000000 100999999 5.10004642673059528
hs5 0 999999 5.39716105480916666
hs5 1000000 1999999 3.81829189079999592
hs5 2000000 2999999 3.11025291735340302
hs5 3000000 3999999 3.02366391819779345
hs5 5000000 5999999 4.11640848062989925
hs5 6000000 6999999 3.57205798992630454
hs5 7000000 7999999 4.98206308372723347
hs5 11000000 11999999 3.11193427633268158
hs5 14000000 14999999 4.47491523603277268
hs5 17000000 17999999 5.41493325739904896
hs5 18000000 18999999 4.70644466261584588
hs5 20000000 20999999 5.52978826878261246
hs5 21000000 21999999 6.17813573014672243
hs5 22000000 22999999 5.384858572331479
hs5 23000000 23999999 4.6679010256476813
hs5 24000000 24999999 3.81097139982220748
hs5 25000000 25999999 4.17955179116518773
hs5 26000000 26999999 3.55594043781851111
hs5 28000000 28999999 3.8200700343123258
hs5 29000000 29999999 4.99750433569249421
hs5 32000000 32999999 3.76222828428647441
hs5 34000000 34999999 5.93517512021043874
hs5 37000000 37999999 5.36105699407770107
hs5 40000000 40999999 3.11126251365906528
hs5 42000000 42999999 3.064083435963596
hs5 43000000 43999999 4.51703746377229335
hs5 51000000 51999999 3.40790054014263512
hs5 52000000 52999999 4.18588197840997909
hs5 53000000 53999999 3.87384353322343587
hs5 54000000 54999999 4.25360451055334404
hs5 55000000 55999999 4.300486787986029
hs5 59000000 59999999 3.89971109457114461
hs5 60000000 60999999 4.14677898930783306
hs5 61000000 61999999 4.93833956567829268
hs5 62000000 62999999 3.93049056530626959
hs5 63000000 63999999 3.52943035436698592
hs5 64000000 64999999 3.24254142829838423
hs5 67000000 67999999 3.64767631324087092
hs5 68000000 68999999 5.75921291906419522
hs5 69000000 69999999 6.55919370153771684
hs5 70000000 70999999 5.89713369447950794
hs5 72000000 72999999 4.68017228231130196
hs5 74000000 74999999 3.85576137233994779
hs5 75000000 75999999 4.87616586074787772
hs5 77000000 77999999 3.23552844690754892
hs5 78000000 78999999 3.50623435961212589
hs5 79000000 79999999 4.82068082413901171
hs5 80000000 80999999 3.05576046468773478
hs5 81000000 81999999 3.0584260244570054
hs5 82000000 82999999 4.32715451240943146
hs5 83000000 83999999 3.07990446766672072
hs5 84000000 84999999 3.39759243403811671
hs5 87000000 87999999 3.10957854690438668
hs5 88000000 88999999 4.27021285489624263
hs5 89000000 89999999 3.55327604613709942
hs5 93000000 93999999 4.43020409863174862
hs5 95000000 95999999 3.3769417571467587
hs5 96000000 96999999 3.97703733522468136
hs5 97000000 97999999 4.13168280946140566
hs5 98000000 98999999 5.2848073350747528
hs5 99000000 99999999 5.01765927428376467
hs5 101000000 101999999 3.24254142829838423
hs5 104000000 104999999 3.0425755124401906
hs5 105000000 105999999 3.67458560230291389
hs5 108000000 108999999 4.04135320204697431
hs5 110000000 110999999 3.56383691866454491
hs5 111000000 111999999 3.91030416806856876
hs5 112000000 112999999 3.22530928172586285
hs5 114000000 114999999 4.07280114940984918
hs5 115000000 115999999 4.27788414224020007
hs5 116000000 116999999 3.2671717284030138
hs5 117000000 117999999 3.63276088847943879
hs5 118000000 118999999 4.09096307659573164
hs5 119000000 119999999 3.2407987711173312
hs5 122000000 122999999 4.33209492844607943
hs5 123000000 123999999 4.12541619798275514
hs5 126000000 126999999 4.17257374377197108
hs5 131000000 131999999 3.22556771343947099
hs5 135000000 135999999 4.22219604630171991
hs5 136000000 136999999 3.3259259557714662
hs5 137000000 137999999 3.94507448847873001
hs5 138000000 138999999 3.71222866961953535
hs5 139000000 139999999 3.46938013584992514
hs5 140000000 140999999 5.07762586136516728
hs5 141000000 141999999 3.16345955176999014
hs5 142000000 142999999 4.46920325783421521
hs5 144000000 144999999 3.05804623039528174
hs5 145000000 145999999 4.00091106213122329
hs5 146000000 146999999 3.83752530944960129
hs5 148000000 148999999 3.5521813388393358
hs5 150000000 150999999 3.69240623483363054
hs5 151000000 151999999 3.56902258602956367
hs5 153000000 153999999 4.33126529167622592
hs5 154000000 154999999 3.15472820744015559
hs5 156000000 156999999 4.06777735863331724
hs5 157000000 157999999 3.94290054114029394
hs5 159000000 159999999 3.07040732174011968
hs5 162000000 162999999 3.02612451674545026
hs5 163000000 163999999 3.19672872262328685
hs5 167000000 167999999 4.61915596473716594
hs5 168000000 168999999 3.25911584418506631
hs5 169000000 169999999 4.50190784141300687
hs5 170000000 170999999 4.47999256210707222
hs5 171000000 171999999 3.38255732190878583
hs5 172000000 172999999 3.857030798272624
hs5 173000000 173999999 3.5444401373176924
hs5 174000000 174999999 4.93456914459131931
hs5 175000000 175999999 5.67538693382197249
hs5 176000000 176999999 3.8163075994319398
hs5 177000000 177999999 5.27169526877041121
hs5 178000000 178999999 4.48917069445284609
hs5 179000000 179999999 3.49651451869774504
hs5 180000000 180999999 6.15838872992760477
hsY 0 999999 5.12029418179988059
hsY 1000000 1999999 4.53564850152461545
hsY 2000000 2999999 4.35797294133685848
hsY 3000000 3999999 3.94733567594873993
hsY 4000000 4999999 3.73647618202769674
hsY 5000000 5999999 4.23683944947391407
hsY 6000000 6999999 5.56293371940938417
hsY 7000000 7999999 5.31111359941283755
hsY 8000000 8999999 5.26467854320841668
hsY 9000000 9999999 5.81311575751465002
hsY 10000000 10999999 5.5922489486878661
hsY 11000000 11999999 5.46821731804740574
hsY 12000000 12999999 5.76842941219921733
hsY 13000000 13999999 4.24492004391245389
hsY 14000000 14999999 4.57291804832446468
hsY 15000000 15999999 3.97109021313711544
hsY 16000000 16999999 4.85535558301255812
hsY 17000000 17999999 4.67276265104743609
hsY 18000000 18999999 5.77492989654511198
hsY 19000000 19999999 5.13927442987209322
hsY 20000000 20999999 4.96287106553391508
hsY 21000000 21999999 5.08182239504766471
hsY 22000000 22999999 5.51482656785519948
hsY 23000000 23999999 5.38597071354330328
hsY 24000000 24999999 6.12675203394231793
hsY 25000000 25999999 5.72407260500024453
hsY 26000000 26999999 6.05820502471500632
hsY 27000000 27999999 5.67492081769736113
hsY 57000000 57999999 5.07165744109209234
hs19 0 999999 4.84999645151305278
hs19 1000000 1999999 3.98470729448267318
hs19 3000000 3999999 3.03019478535675121
hs19 4000000 4999999 3.8152455919165631
hs19 5000000 5999999 3.41830129131974546
hs19 6000000 6999999 4.54161668151239034
hs19 7000000 7999999 3.78426058256608379
hs19 8000000 8999999 4.79753759217583198
hs19 9000000 9999999 4.20871001990640114
hs19 11000000 11999999 4.38331258557641881
hs19 12000000 12999999 4.29285392247244954
hs19 13000000 13999999 3.72255166200095845
hs19 14000000 14999999 4.1466550733409739
hs19 15000000 15999999 3.7814681428417983
hs19 16000000 16999999 3.06370855939141739
hs19 19000000 19999999 4.09447112864164476
hs19 20000000 20999999 4.98235265562179671
hs19 21000000 21999999 5.27283910518412569
hs19 22000000 22999999 5.39470902911496074
hs19 23000000 23999999 4.36159563931823445
hs19 34000000 34999999 3.00603795499731717
hs19 39000000 39999999 4.73946949387049452
hs19 40000000 40999999 3.70354929823823049
hs19 41000000 41999999 5.03241324823882765
hs19 42000000 42999999 5.03022719418344461
hs19 43000000 43999999 3.7743709598499166
hs19 44000000 44999999 4.55854057885459644
hs19 45000000 45999999 4.1968115426626765
hs19 46000000 46999999 5.13112442938957549
hs19 47000000 47999999 5.63237325971512537
hs19 48000000 48999999 6.0553251882178616
hs19 49000000 49999999 4.37612052560945154
hs19 51000000 51999999 3.9196532823103642
hs19 53000000 53999999 4.50365451924295919
hs19 54000000 54999999 4.65217862834466423
hs19 55000000 55999999 5.00788000864384445
hs19 56000000 56999999 3.73925580326851063
hs19 57000000 57999999 4.78887511577541674
hs19 58000000 58999999 5.06355476641473232
hs19 59000000 59999999 5.11043818579393683
hs19 60000000 60999999 4.97482935298450552
hs19 61000000 61999999 3.37419825792908274
hs19 62000000 62999999 4.05476621783899132
hs19 63000000 63999999 4.90314969837814155
hs1 0 999999 6.80589290547807526
hs1 1000000 1999999 4.96180063919167854
hs1 2000000 2999999 5.1306842795930965
hs1 4000000 4999999 3.30642502755068736
hs1 5000000 5999999 3.85691006030078623
hs1 6000000 6999999 4.59011703478478984
hs1 8000000 8999999 4.95341173032076352
hs1 9000000 9999999 3.29424571613811821
hs1 11000000 11999999 4.14544503613780567
hs1 12000000 12999999 5.84822176485293542
hs1 13000000 13999999 5.70659404624408944
hs1 15000000 15999999 4.44684771015580882
hs1 16000000 16999999 6.03805079556956582
hs1 17000000 17999999 5.24980960940180391
hs1 19000000 19999999 4.07423113802032561
hs1 20000000 20999999 3.82184092720045432
hs1 21000000 21999999 5.83162665483996156
hs1 22000000 22999999 4.71264970162721135
hs1 23000000 23999999 3.18326984368280464
hs1 24000000 24999999 4.117337595095921
hs1 25000000 25999999 4.92208677806832788
hs1 26000000 26999999 4.2476787295706575
hs1 27000000 27999999 4.90754033998116795
hs1 28000000 28999999 4.17739219207609936
hs1 29000000 29999999 4.10157524625593356
hs1 30000000 30999999 3.53693702270467353
hs1 32000000 32999999 3.95162889383663819
hs1 33000000 33999999 4.73367063687185677
hs1 35000000 35999999 3.51930284923542868
hs1 36000000 36999999 3.69293500253113773
hs1 38000000 38999999 3.67833624673218001
hs1 39000000 39999999 4.52624878994667822
hs1 40000000 40999999 3.90173069172921874
hs1 42000000 42999999 3.19228861256812029
hs1 43000000 43999999 4.06658679647069447
hs1 44000000 44999999 4.22945145415176304
hs1 45000000 45999999 3.75883622474695829
hs1 46000000 46999999 4.71569421641629144
hs1 47000000 47999999 4.96500874295775011
hs1 48000000 48999999 3.31576049066573459
hs1 49000000 49999999 3.52775875252097192
hs1 50000000 50999999 3.62324929039790046
hs1 51000000 51999999 3.71692107316676107
hs1 52000000 52999999 3.20709554041921804
hs1 53000000 53999999 3.17753649992986216
hs1 54000000 54999999 4.68519516876158496
hs1 55000000 55999999 3.07809415040641067
hs1 57000000 57999999 3.42488163663106699
hs1 58000000 58999999 4.74920277944777321
hs1 59000000 59999999 3.49220145139253972
hs1 60000000 60999999 3.26857797188284326
hs1 61000000 61999999 3.40671045860979003
hs1 62000000 62999999 3.38667728396083775
hs1 63000000 63999999 3.10209052551183672
hs1 64000000 64999999 3.03221570329798159
hs1 65000000 65999999 4.09447112864164476
hs1 67000000 67999999 3.98190917009079226
hs1 68000000 68999999 4.01355343054167591
hs1 70000000 70999999 3.97877378433012243
hs1 71000000 71999999 3.09760432887441088
hs1 72000000 72999999 3.03221570329798159
hs1 73000000 73999999 3.34242268082220624
hs1 74000000 74999999 3.48244479191826521
hs1 75000000 75999999 3.18525876529658513
hs1 76000000 76999999 3.53794495929148685
hs1 77000000 77999999 3.08386080086657297
hs1 78000000 78999999 3.94299959336604052
hs1 79000000 79999999 4.07316826226510155
hs1 80000000 80999999 4.28560231128561344
hs1 81000000 81999999 4.71010043322300915
hs1 82000000 82999999 3.13830269816628146
hs1 83000000 83999999 5.55250030511749332
hs1 85000000 85999999 3.26030994579492002
hs1 86000000 86999999 4.33765889102614229
hs1 87000000 87999999 5.17651376676432218
hs1 89000000 89999999 4.69136444317583309
hs1 90000000 90999999 4.92440335247663863
hs1 91000000 91999999 3.9438406264012611
hs1 92000000 92999999 4.31158434720430349
hs1 93000000 93999999 4.26958298606661313
hs1 96000000 96999999 4.5685654400704504
hs1 98000000 98999999 3.0610753236297918
hs1 100000000 100999999 3.66838591669000017
hs1 101000000 101999999 3.29732271420530267
hs1 102000000 102999999 4.57653714177314244
hs1 103000000 103999999 5.49744523948397327
hs1 104000000 104999999 4.98326535256654536
hs1 106000000 106999999 3.7653704802916485
hs1 107000000 107999999 3.02077548819355786
hs1 108000000 108999999 5.27600659051482168
hs1 109000000 109999999 3.21879799811173754
hs1 110000000 110999999 4.47377883464672476
hs1 111000000 111999999 4.22649679635551906
hs1 113000000 113999999 4.18127177155946155
hs1 115000000 115999999 3.96047077753429894
hs1 116000000 116999999 5.28367881023994566
hs1 117000000 117999999 4.26822683766462895
hs1 118000000 118999999 3.49720618070395453
hs1 119000000 119999999 4.5851673406509925
hs1 120000000 120999999 6.04277627308910212
hs1 121000000 121999999 5.04995027694247202
hs1 141000000 141999999 6.45056578140113123
hs1 142000000 142999999 6.50686179201289815
hs1 143000000 143999999 6.16034215615006554
hs1 144000000 144999999 6.13195243602545973
hs1 145000000 145999999 4.91398330009632405
hs1 146000000 146999999 6.33306904188341435
hs1 147000000 147999999 6.30783285988167764
hs1 148000000 148999999 4.45584943185815426
hs1 149000000 149999999 4.27100472578569621
hs1 150000000 150999999 4.73245809498076385
hs1 151000000 151999999 4.46053703314130293
hs1 152000000 152999999 4.49352775559078036
hs1 153000000 153999999 4.99041433908815754
hs1 154000000 154999999 3.67348169707334718
hs1 155000000 155999999 4.7944043863740867
hs1 156000000 156999999 3.58782317131895509
hs1 157000000 157999999 3.86135516019326006
hs1 158000000 158999999 4.43993239559757475
hs1 159000000 159999999 5.02977730554993483
hs1 161000000 161999999 4.58496410912059047
hs1 162000000 162999999 3.86147466885716864
hs1 163000000 163999999 3.36921585741014284
hs1 164000000 164999999 3.75327657018441839
hs1 165000000 165999999 3.24427712080184289
hs1 166000000 166999999 4.29265473019798655
hs1 167000000 167999999 3.87932530078480746
hs1 169000000 169999999 4.26543106682671253
hs1 170000000 170999999 3.064083435963596
hs1 171000000 171999999 3.70654710264035746
hs1 173000000 173999999 3.16849748352303267
hs1 174000000 174999999 3.73623709890472874
hs1 176000000 176999999 3.7296506683359202
hs1 177000000 177999999 4.73399127365114783
hs1 178000000 178999999 4.20779588520470902
hs1 179000000 179999999 3.6590600722409383
hs1 181000000 181999999 4.5507663002328145
hs1 182000000 182999999 3.51494600530800431
hs1 183000000 183999999 3.99821573237095832
hs1 185000000 185999999 3.70560716340460504
hs1 187000000 187999999 3.18269990333604258
hs1 189000000 189999999 4.44337252540487981
hs1 190000000 190999999 3.43663963169266068
hs1 191000000 191999999 3.62572390952575584
hs1 192000000 192999999 4.1259364669660937
hs1 194000000 194999999 4.38144000281961821
hs1 195000000 195999999 5.1151676716746229
hs1 198000000 198999999 3.64943222324161665
hs1 199000000 199999999 3.81690383937566028
hs1 200000000 200999999 5.58495168633187973
hs1 201000000 201999999 4.73165321969589578
hs1 202000000 202999999 4.24888016602428581
hs1 204000000 204999999 4.03578983312775699
hs1 205000000 205999999 5.19406177388727317
hs1 207000000 207999999 4.00667992774082556
hs1 208000000 208999999 4.47303419197317759
hs1 209000000 209999999 4.02110656843212179
hs1 212000000 212999999 4.50859704623006854
hs1 213000000 213999999 3.9558800862253754
hs1 217000000 217999999 4.412242085209914
hs1 218000000 218999999 4.10390629808871809
hs1 219000000 219999999 3.48883263438240051
hs1 220000000 220999999 5.96356354131140083
hs1 221000000 221999999 4.34639209831732905
hs1 222000000 222999999 6.17485204300250923
hs1 223000000 223999999 3.72631961211077533
hs1 224000000 224999999 3.70765532353118691
hs1 225000000 225999999 5.0663669297721685
hs1 226000000 226999999 5.5948840305554076
hs1 227000000 227999999 4.53022531954062555
hs1 229000000 229999999 3.87529282537100805
hs1 232000000 232999999 3.06855689507236313
hs1 233000000 233999999 4.22429992607982687
hs1 235000000 235999999 4.21801004298436341
hs1 236000000 236999999 3.4434194617828173
hs1 238000000 238999999 4.28712962071911081
hs1 239000000 239999999 4.77771673860962594
hs1 240000000 240999999 5.1217173827697683
hs1 241000000 241999999 6.20933804370164333
hs1 242000000 242999999 3.05690485133647259
hs1 243000000 243999999 3.42699895875653723
hs1 244000000 244999999 3.92860065984452423
hs1 245000000 245999999 4.50552981983513249
hs1 246000000 246999999 5.12309014205857523
hs1 247000000 247999999 5.27161627234185663
hs2 0 999999 5.11403688258465524
hs2 1000000 1999999 3.76700736394980404
hs2 2000000 2999999 3.0366288953621611
hs2 4000000 4999999 4.24649858079580093
hs2 7000000 7999999 3.31069331234336061
hs2 8000000 8999999 3.21669359916975435
hs2 9000000 9999999 3.6546577546495246
hs2 10000000 10999999 3.37383114507383037
hs2 11000000 11999999 3.92587908930150082
hs2 12000000 12999999 4.47005750167291359
hs2 13000000 13999999 4.893739575310798
hs2 17000000 17999999 3.87788942537148399
hs2 19000000 19999999 4.26721867662011841
hs2 24000000 24999999 5.07648388014108817
hs2 25000000 25999999 4.11524428532725489
hs2 27000000 27999999 3.53224464362658223
hs2 28000000 28999999 3.83847127907192881
hs2 30000000 30999999 3.42894429003557441
hs2 31000000 31999999 3.84154716525655331
hs2 32000000 32999999 3.45818443557026273
hs2 33000000 33999999 4.42475100210401697
hs2 36000000 36999999 3.85076872692888019
hs2 37000000 37999999 4.56114910569535457
hs2 38000000 38999999 4.63300361280147764
hs2 41000000 41999999 4.61388408692227095
hs2 42000000 42999999 3.95544721057769553
hs2 44000000 44999999 3.0107238653917731
hs2 46000000 46999999 4.20606992374019274
hs2 47000000 47999999 3.00043407747931864
hs2 48000000 48999999 3.09898963940117732
hs2 53000000 53999999 3.87459776870319976
hs2 54000000 54999999 3.7680458141024167
hs2 55000000 55999999 3.85564028089014524
hs2 58000000 58999999 3.0228406108765278
hs2 62000000 62999999 4.64202901819542316
hs2 63000000 63999999 3.92236209678479003
hs2 64000000 64999999 3.10924096858820327
hs2 65000000 65999999 3.82911071015529462
hs2 68000000 68999999 4.6125719540651762
hs2 69000000 69999999 4.27035270177618335
hs2 70000000 70999999 4.4952528600711832
hs2 71000000 71999999 6.05491664817532186
hs2 73000000 73999999 4.82742743359877344
hs2 74000000 74999999 4.1629823705854329
hs2 77000000 77999999 4.38904198249716328
hs2 78000000 78999999 4.22359976464969349
hs2 80000000 80999999 3.66978161520853658
hs2 81000000 81999999 3.29380435991933672
hs2 82000000 82999999 3.52762990087133863
hs2 83000000 83999999 4.42639738645997198
hs2 84000000 84999999 3.52387647563813131
hs2 85000000 85999999 4.01330078685688774
hs2 86000000 86999999 5.25500702179175526
hs2 87000000 87999999 6.41583856895084624
hs2 88000000 88999999 5.40321835515725942
hs2 89000000 89999999 6.05420077704108103
hs2 90000000 90999999 5.45910889740161762
hs2 91000000 91999999 6.67163393157217029
hs2 94000000 94999999 6.24695503939712732
hs2 95000000 95999999 6.12623858713863046
hs2 96000000 96999999 5.20366916823050769
hs2 97000000 97999999 5.71921772567970168
hs2 99000000 99999999 3.75579865697383057
hs2 100000000 100999999 5.08855422815031293
hs2 102000000 102999999 3.15075643986030904
hs2 103000000 103999999 3.1162755875805443
hs2 104000000 104999999 3.43376983392486575
hs2 106000000 106999999 5.78893796034838152
hs2 107000000 107999999 5.55225075220792856
hs2 108000000 108999999 5.60772516685632176
hs2 109000000 109999999 5.57084520636534897
hs2 110000000 110999999 5.77383250407466847
hs2 111000000 111999999 4.69190330850601141
hs2 112000000 112999999 3.59306443165871755
hs2 113000000 113999999 5.75838497190177694
hs2 114000000 114999999 5.770440340971781
hs2 115000000 115999999 3.77923563167586355
hs2 118000000 118999999 3.24993175663419489
hs2 122000000 122999999 3.08813608870055127
hs2 127000000 127999999 4.32389120825688122
hs2 128000000 128999999 4.12749354475678244
hs2 130000000 130999999 6.25836258960177449
hs2 131000000 131999999 6.16964828157390392
hs2 132000000 132999999 6.62182816908691436
hs2 134000000 134999999 3.06220580881971262
hs2 135000000 135999999 4.7665987210642645
hs2 136000000 136999999 3.71399426766064397
hs2 138000000 138999999 5.2676362923153872
hs2 139000000 139999999 3.42959080222330161
hs2 143000000 143999999 3.17782497186468177
hs2 144000000 144999999 3.30189771719520811
hs2 145000000 145999999 3.34830486304816067
hs2 148000000 148999999 4.23385876256482783
hs2 149000000 149999999 3.8076703012304837
hs2 150000000 150999999 3.58726184969253421
hs2 152000000 152999999 4.59970844622416853
hs2 155000000 155999999 3.41313205043487203
hs2 156000000 156999999 3.54838941813291821
hs2 157000000 157999999 3.81117269506655431
hs2 158000000 158999999 3.07151380509508914
hs2 159000000 159999999 5.91932970097820593
hs2 160000000 160999999 3.54604886640173428
hs2 161000000 161999999 4.68372228245143232
hs2 162000000 162999999 3.31952244906545403
hs2 165000000 165999999 4.42899281184802679
hs2 168000000 168999999 4.39389093900279857
hs2 170000000 170999999 3.42764837118693264
hs2 171000000 171999999 4.27646180417324414
hs2 172000000 172999999 3.7124813378019187
hs2 173000000 173999999 3.59428202881180611
hs2 174000000 174999999 4.72390697237346235
hs2 175000000 175999999 3.91803033678488014
hs2 176000000 176999999 3.50447086249441897
hs2 177000000 177999999 3.84775768839233127
hs2 178000000 178999999 4.08095100437948319
hs2 179000000 179999999 3.85883785142858547
hs2 182000000 182999999 4.08603933126803918
hs2 183000000 183999999 3.90449915539781993
hs2 184000000 184999999 3.57414706415072276
hs2 186000000 186999999 3.61741974673717661
hs2 187000000 187999999 4.24812045988360312
hs2 188000000 188999999 4.38429963930838454
hs2 189000000 189999999 4.26528962586083012
hs2 190000000 190999999 4.09950799372796501
hs2 191000000 191999999 3.38863396935178919
hs2 192000000 192999999 3.36097188372593591
hs2 194000000 194999999 4.13808154649574606
hs2 196000000 196999999 3.72230478687432769
hs2 197000000 197999999 4.52640389973679808
hs2 198000000 198999999 4.25628467848416116
hs2 200000000 200999999 3.87852179550120653
hs2 201000000 201999999 4.91529956124148561
hs2 202000000 202999999 3.30963016742589876
hs2 203000000 203999999 4.13560963602867949
hs2 204000000 204999999 4.38111508070985057
hs2 206000000 206999999 4.70918512955024543
hs2 207000000 207999999 3.70001106232211239
hs2 208000000 208999999 3.79802879340407309
hs2 210000000 210999999 3.58939102313693307
hs2 212000000 212999999 3.57310378316399111
hs2 216000000 216999999 3.20709554041921804
hs2 217000000 217999999 3.03542973818454832
hs2 218000000 218999999 4.57462150695134893
hs2 221000000 221999999 3.09621458534640518
hs2 223000000 223999999 4.17090680893074777
hs2 226000000 226999999 3.00817418400642639
hs2 227000000 227999999 3.03862016194970279
hs2 228000000 228999999 3.82968964089897106
hs2 229000000 229999999 3.14736710779378647
hs2 230000000 230999999 3.36267092972566695
hs2 231000000 231999999 4.26100102333519668
hs2 232000000 232999999 4.67173733632000694
hs2 234000000 234999999 4.71078564725013552
hs2 235000000 235999999 3.29468662427944321
hs2 238000000 238999999 4.02958667163045713
hs2 239000000 239999999 3.04805317311560906
hs2 240000000 240999999 3.02938377768520964
hs2 241000000 241999999 4.19986483373225529
hs2 242000000 242999999 5.7296101992046508
hs8 0 999999 5.73195844299410999
hs8 1000000 1999999 4.66991165184031515
hs8 2000000 2999999 4.1849184535524617
hs8 4000000 4999999 3.90314427040953857
hs8 6000000 6999999 5.95622319424689826
hs8 7000000 7999999 6.54919938634414164
hs8 8000000 8999999 5.91467523102530791
hs8 11000000 11999999 5.88024520903987034
hs8 12000000 12999999 6.32735586876740295
hs8 14000000 14999999 3.21879799811173754
hs8 15000000 15999999 3.07845681805329258
hs8 16000000 16999999 3.26054837263697944
hs8 17000000 17999999 3.47041049097593069
hs8 19000000 19999999 3.39199307225971284
hs8 20000000 20999999 3.3010299956639812
hs8 21000000 21999999 3.24895361549570759
hs8 23000000 23999999 4.22227414979656278
hs8 24000000 24999999 3.79091819521457828
hs8 25000000 25999999 3.98618929973682407
hs8 26000000 26999999 4.48655798543145208
hs8 28000000 28999999 3.30621050816776151
hs8 30000000 30999999 3.01994668167884233
hs8 31000000 31999999 4.12011307140768388
hs8 33000000 33999999 4.07103467505415171
hs8 35000000 35999999 3.22297644989339134
hs8 37000000 37999999 3.49582175338590579
hs8 38000000 38999999 4.15998805038198701
hs8 39000000 39999999 3.46582881535743642
hs8 42000000 42999999 4.1642933593144621
hs8 43000000 43999999 4.43744930524980558
hs8 47000000 47999999 4.58491893364003761
hs8 48000000 48999999 4.38555265368566882
hs8 50000000 50999999 3.39022836246913007
hs8 51000000 51999999 3.75838194177467531
hs8 52000000 52999999 3.27898211686544314
hs8 54000000 54999999 4.20251556178152924
hs8 55000000 55999999 3.57263929704281325
hs8 57000000 57999999 3.64483232882563624
hs8 59000000 59999999 4.01435250065100887
hs8 62000000 62999999 4.56687333572488745
hs8 63000000 63999999 4.47278569375221908
hs8 64000000 64999999 3.56761444273084454
hs8 68000000 68999999 4.17698787480081078
hs8 70000000 70999999 3.24477176149529497
hs8 71000000 71999999 3.33485568961729154
hs8 74000000 74999999 4.05111391677760137
hs8 76000000 76999999 3.11826472608947934
hs8 79000000 79999999 4.18358299235101714
hs8 80000000 80999999 3.09621458534640518
hs8 81000000 81999999 4.28130613674182147
hs8 82000000 82999999 4.57922322394059202
hs8 83000000 83999999 4.50857011657904588
hs8 86000000 86999999 5.03723520687223809
hs8 87000000 87999999 3.62242127397567024
hs8 88000000 88999999 3.200303182981585
hs8 89000000 89999999 3.32283927268632109
hs8 90000000 90999999 3.37657695705651195
hs8 91000000 91999999 3.22685757028872353
hs8 92000000 92999999 3.49498897368316811
hs8 94000000 94999999 3.62490060220449019
hs8 97000000 97999999 3.68699356626467852
hs8 99000000 99999999 3.94146173934732974
hs8 100000000 100999999 4.07849306816657294
hs8 102000000 102999999 4.20460828932703558
hs8 107000000 107999999 3.0425755124401906
hs8 109000000 109999999 3.70070371714501933
hs8 110000000 110999999 3.80099186126017144
hs8 117000000 117999999 3.24303804868629444
hs8 120000000 120999999 3.49554433754644848
hs8 123000000 123999999 3.08062648692180575
hs8 124000000 124999999 3.34947179921438569
hs8 125000000 125999999 3.0610753236297918
hs8 127000000 127999999 3.2159018132040316
hs8 128000000 128999999 4.47117431830733767
hs8 129000000 129999999 3.84714061741340621
hs8 133000000 133999999 3.34733001531695039
hs8 134000000 134999999 4.14438737410193676
hs8 135000000 135999999 3.02612451674545026
hs8 136000000 136999999 3.21958452621425475
hs8 137000000 137999999 3.00603795499731717
hs8 140000000 140999999 3.04178731897175178
hs8 141000000 141999999 3.01828430842653087
hs8 142000000 142999999 4.50474263627168796
hs8 143000000 143999999 3.93368970895789467
hs8 144000000 144999999 3.92772955977165451
hs8 145000000 145999999 4.81993199506279689
hs8 146000000 146999999 3.54107976777662886
hs6 0 999999 5.79925712932756665
hs6 2000000 2999999 4.0804460946110488
hs6 3000000 3999999 4.07059193151204008
hs6 4000000 4999999 3.66209644541792346
hs6 5000000 5999999 5.24029958200271246
hs6 7000000 7999999 3.76797172138161885
hs6 9000000 9999999 5.05877514189655521
hs6 11000000 11999999 3.6485551556626707
hs6 13000000 13999999 3.13672056715640677
hs6 15000000 15999999 3.41614103116832891
hs6 17000000 17999999 3.22582599146189337
hs6 18000000 18999999 4.02559256885167365
hs6 19000000 19999999 3.61363043492524059
hs6 20000000 20999999 3.54851225634103548
hs6 22000000 22999999 3.26387267686522363
hs6 23000000 23999999 4.50233151004668478
hs6 24000000 24999999 4.12201917208003079
hs6 25000000 25999999 3.9074651067658562
hs6 26000000 26999999 5.59583558843667713
hs6 27000000 27999999 4.48375841378824867
hs6 28000000 28999999 4.56990036268471457
hs6 29000000 29999999 4.90864047919883538
hs6 30000000 30999999 4.23210629261465766
hs6 31000000 31999999 4.60268926221550228
hs6 32000000 32999999 5.02787126330915126
hs6 33000000 33999999 3.69548167649019746
hs6 34000000 34999999 4.27114431794907831
hs6 35000000 35999999 3.21695720736109699
hs6 36000000 36999999 3.0813473078041325
hs6 39000000 39999999 3.20357677497797259
hs6 41000000 41999999 4.33555818806586113
hs6 42000000 42999999 4.03019478535675121
hs6 43000000 43999999 4.45934724639433726
hs6 44000000 44999999 3.12385164096708579
hs6 46000000 46999999 5.06342718945484831
hs6 47000000 47999999 3.05346260492545529
hs6 48000000 48999999 4.09352674369967516
hs6 51000000 51999999 3.47275644931721235
hs6 52000000 52999999 4.96361785276848485
hs6 53000000 53999999 3.76604086038138898
hs6 54000000 54999999 3.66978161520853658
hs6 56000000 56999999 3.91745299192966349
hs6 57000000 57999999 5.32134776380295841
hs6 58000000 58999999 5.45060933090286954
hs6 62000000 62999999 3.00173371280900053
hs6 63000000 63999999 4.52271802658724126
hs6 66000000 66999999 4.72999854728342288
hs6 67000000 67999999 3.64561873824269511
hs6 70000000 70999999 4.18639121569549319
hs6 71000000 71999999 3.65253641859302539
hs6 73000000 73999999 4.08242630086077189
hs6 74000000 74999999 4.51619150395885623
hs6 76000000 76999999 3.74397986524184285
hs6 80000000 80999999 4.44163230368431359
hs6 84000000 84999999 3.834293512442696
hs6 86000000 86999999 3.90232930585831875
hs6 87000000 87999999 3.59868109890716341
hs6 89000000 89999999 3.78447464376251641
hs6 90000000 90999999 3.84892771322707831
hs6 91000000 91999999 4.03394620299036066
hs6 93000000 93999999 3.2161659022859931
hs6 97000000 97999999 3.61626540528170819
hs6 98000000 98999999 3.02978947083185563
hs6 99000000 99999999 3.31931430409051206
hs6 100000000 100999999 3.64483232882563624
hs6 101000000 101999999 3.5066403055665025
hs6 103000000 103999999 3.96491929428664261
hs6 105000000 105999999 3.19672872262328685
hs6 106000000 106999999 3.43504764133996457
hs6 108000000 108999999 3.11727129565576426
hs6 109000000 109999999 4.31224084514421207
hs6 110000000 110999999 3.01325866528351655
hs6 111000000 111999999 4.02950552542657695
hs6 112000000 112999999 4.31843900420019224
hs6 113000000 113999999 4.04727486738417948
hs6 114000000 114999999 3.38381536598043128
hs6 116000000 116999999 3.94041686468166516
hs6 118000000 118999999 3.93926958633873127
hs6 121000000 121999999 4.23782011079406509
hs6 122000000 122999999 3.5162708827293401
hs6 123000000 123999999 3.38489079653055417
hs6 127000000 127999999 4.16479881969345523
hs6 129000000 129999999 3.66819948419866189
hs6 131000000 131999999 3.19920647916165775
hs6 132000000 132999999 4.69615536086446657
hs6 134000000 134999999 4.61575020919138455
hs6 135000000 135999999 3.59295357154786587
hs6 138000000 138999999 3.1726029312098599
hs6 147000000 147999999 4.02706406215104543
hs6 150000000 150999999 4.93631263366219318
hs6 151000000 151999999 4.85071973437629812
hs6 153000000 153999999 4.82521833378830629
hs6 156000000 156999999 4.16488795754795416
hs6 157000000 157999999 3.88490859416260718
hs6 159000000 159999999 3.02036128264770785
hs6 160000000 160999999 4.75030778624313726
hs6 161000000 161999999 3.99392095880128681
hs6 166000000 166999999 3.93936947007465988
hs6 167000000 167999999 4.88928489078162049
hs6 168000000 168999999 4.33075863667825671
hs6 170000000 170999999 5.75997966944948913
hs17 0 999999 4.06977906088151414
hs17 1000000 1999999 3.66614342729155839
hs17 2000000 2999999 4.61331316145545958
hs17 3000000 3999999 3.75610337158510558
hs17 4000000 4999999 5.3493377610041556
hs17 5000000 5999999 4.74234800313982919
hs17 7000000 7999999 3.3344537511509309
hs17 12000000 12999999 3.15715443990628154
hs17 13000000 13999999 4.29780426652528576
hs17 14000000 14999999 4.51759173071190778
hs17 15000000 15999999 5.50185451188482443
hs17 16000000 16999999 5.79873004019941774
hs17 18000000 18999999 5.78065352611563211
hs17 19000000 19999999 4.90342101034777255
hs17 20000000 20999999 5.82362157737376153
hs17 21000000 21999999 5.73670159652959697
hs17 22000000 22999999 5.46970717038913306
hs17 23000000 23999999 4.82374802225122246
hs17 25000000 25999999 5.29570561231413856
hs17 26000000 26999999 5.51694897953910803
hs17 27000000 27999999 5.55188773156563528
hs17 29000000 29999999 3.03862016194970279
hs17 30000000 30999999 3.86622824737964721
hs17 31000000 31999999 5.89956937042767304
hs17 32000000 32999999 3.35372393758894906
hs17 33000000 33999999 5.73530101844274816
hs17 34000000 34999999 4.60808723873564149
hs17 36000000 36999999 4.64162281602923099
hs17 37000000 37999999 4.02685998598456143
hs17 38000000 38999999 4.86481355792058342
hs17 39000000 39999999 4.46032642235236657
hs17 40000000 40999999 5.42651451449457777
hs17 41000000 41999999 5.70735979036898455
hs17 42000000 42999999 5.61951489271550112
hs17 43000000 43999999 4.42219574319839244
hs17 52000000 52999999 3.1000257301078626
hs17 53000000 53999999 3.15167623084704774
hs17 54000000 54999999 3.12839926871780644
hs17 55000000 55999999 5.36216379984334218
hs17 56000000 56999999 3.08955188288645409
hs17 57000000 57999999 4.67226415164053507
hs17 59000000 59999999 4.79007394842630474
hs17 60000000 60999999 5.47509998431914795
hs17 63000000 63999999 4.13014070581927582
hs17 65000000 65999999 3.10105935490811551
hs17 71000000 71999999 3.15350998930083757
hs17 75000000 75999999 4.53206609481055176
hs17 76000000 76999999 3.30642502755068736
hs17 77000000 77999999 3.01994668167884233
hs17 78000000 78999999 3.72973159528703544
hs14 18000000 18999999 6.24043541826068787
hs14 19000000 19999999 5.91212689468473239
hs14 20000000 20999999 4.83935232889542117
hs14 21000000 21999999 3.06220580881971262
hs14 22000000 22999999 3.24129738710999317
hs14 23000000 23999999 4.57144095368539312
hs14 24000000 24999999 4.13981614061057581
hs14 27000000 27999999 3.85727217356404136
hs14 34000000 34999999 3.85672889038288261
hs14 38000000 38999999 3.16820274684263091
hs14 41000000 41999999 3.41863268735406547
hs14 45000000 45999999 3.06744284277638068
hs14 50000000 50999999 3.09096307659573164
hs14 51000000 51999999 4.42813479402878882
hs14 55000000 55999999 3.04960561259497315
hs14 57000000 57999999 3.04766419460155994
hs14 58000000 58999999 3.50799072481969139
hs14 60000000 60999999 3.96731391828708349
hs14 61000000 61999999 3.46419137064099958
hs14 62000000 62999999 3.01535975540921422
hs14 64000000 64999999 3.55059520748932793
hs14 65000000 65999999 3.16524432612531083
hs14 66000000 66999999 3.79042591739111066
hs14 67000000 67999999 3.3675422735205767
hs14 68000000 68999999 3.8708134239155975
hs14 69000000 69999999 4.3734085812955952
hs14 72000000 72999999 4.17571470730869516
hs14 73000000 73999999 4.41304816931787476
hs14 74000000 74999999 3.00945089579869393
hs14 76000000 76999999 3.71575271682285951
hs14 80000000 80999999 4.01334290434534661
hs14 88000000 88999999 3.56631962152481131
hs14 89000000 89999999 3.79906471935100814
hs14 91000000 91999999 3.63688890698379916
hs14 92000000 92999999 3.77836834335587384
hs14 93000000 93999999 3.12385164096708579
hs14 94000000 94999999 3.49429376866533269
hs14 96000000 96999999 3.28533222764388451
hs14 100000000 100999999 3.65715150190096665
hs14 101000000 101999999 3.31785448933146918
hs14 102000000 102999999 3.69635638873333212
hs14 103000000 103999999 3.11126251365906528
hs14 104000000 104999999 4.48964916287182995
hs14 105000000 105999999 5.85494577512588322
hs14 106000000 106999999 4.48354450722730545
hs21 9000000 9999999 4.69019608002851366
hs21 10000000 10999999 4.87056775907531265
hs21 13000000 13999999 5.3074511085738722
hs21 14000000 14999999 4.72195068761560032
hs21 24000000 24999999 3.09131515969722288
hs21 28000000 28999999 5.2155027341173346
hs21 42000000 42999999 3.1687920203141818
hs21 43000000 43999999 3.14144977340046736
hs21 44000000 44999999 4.14761449856202735
hs21 46000000 46999999 4.2668899324710529
