hsX 0 4999999 0.0000,0.0000,4.5818
hsX 10000000 14999999 0.0000,3.4009,3.0976
hsX 15000000 19999999 3.2294,3.1000,0.0000
hsX 25000000 29999999 0.0000,3.4461,3.2842
hsX 30000000 34999999 3.4675,3.3760,3.3742
hsX 35000000 39999999 3.0402,0.0000,3.7951
hsX 40000000 44999999 3.0111,3.8792,3.9719
hsX 45000000 49999999 3.6734,3.6457,3.1973
hsX 50000000 54999999 3.0043,3.4155,0.0000
hsX 55000000 59999999 0.0000,3.7701,0.0000
hsX 60000000 64999999 3.0120,0.0000,3.3126
hsX 65000000 69999999 3.6779,3.2558,3.3784
hsX 70000000 74999999 3.8817,3.9765,3.7794
hsX 75000000 79999999 0.0000,3.5189,3.2240
hsX 80000000 84999999 3.4237,3.1898,3.1166
hsX 85000000 89999999 3.3822,3.6831,3.0145
hsX 90000000 94999999 3.4467,3.1741,0.0000
hsX 95000000 99999999 3.7796,3.9086,3.8777
hsX 100000000 104999999 3.9601,4.0101,3.9970
hsX 115000000 119999999 3.7408,3.5793,3.6041
hsX 120000000 124999999 0.0000,3.3993,3.0774
hsX 130000000 134999999 0.0000,3.0065,4.5147
hsX 135000000 139999999 3.8591,0.0000,3.7143
hsX 140000000 144999999 0.0000,3.0730,0.0000
hsX 145000000 149999999 3.6878,3.6516,3.0910
hsX 150000000 154999999 3.0842,3.2455,4.1398
hs12 0 4999999 3.6971,0.0000,3.8249
hs12 5000000 9999999 5.7452,6.0730,4.4429
hs12 10000000 14999999 3.2927,3.6897,3.1193
hs12 15000000 19999999 3.5186,0.0000,3.2472
hs12 20000000 24999999 0.0000,3.1411,3.1048
hs12 30000000 34999999 4.3661,3.3395,0.0000
hs12 35000000 39999999 4.1860,0.0000,4.6967
hs12 40000000 44999999 3.6104,4.0459,3.4128
hs12 45000000 49999999 0.0000,0.0000,3.7734
hs12 50000000 54999999 4.7590,4.8630,3.1635
hs12 55000000 59999999 3.3524,3.7889,0.0000
hs12 60000000 64999999 0.0000,0.0000,3.3314
hs12 65000000 69999999 3.4921,3.6366,0.0000
hs12 70000000 74999999 3.3255,0.0000,3.1953
hs12 75000000 79999999 3.6758,0.0000,0.0000
hs12 85000000 89999999 3.4358,3.3367,0.0000
hs12 90000000 94999999 3.7549,3.7481,3.8330
hs12 95000000 99999999 3.0484,3.3877,3.2574
hs12 100000000 104999999 3.4236,3.2092,3.2438
hs12 105000000 109999999 3.2294,0.0000,0.0000
hs12 110000000 114999999 3.5628,3.6072,0.0000
hs12 125000000 129999999 0.0000,3.4118,0.0000
hs12 130000000 134999999 0.0000,3.2330,0.0000
hs11 0 4999999 5.8314,5.9418,4.6561
hs11 5000000 9999999 3.6787,3.6769,3.5922
hs11 10000000 14999999 3.2214,0.0000,3.3296
hs11 15000000 19999999 4.0124,4.1747,0.0000
hs11 20000000 24999999 3.3815,0.0000,0.0000
hs11 25000000 29999999 3.6227,0.0000,0.0000
hs11 30000000 34999999 0.0000,3.5411,0.0000
hs11 45000000 49999999 3.1436,0.0000,0.0000
hs11 50000000 54999999 4.5903,0.0000,0.0000
hs11 55000000 59999999 3.6725,0.0000,3.0026
hs11 60000000 64999999 3.5183,3.1113,3.4153
hs11 65000000 69999999 5.8519,5.9604,0.0000
hs11 70000000 74999999 5.8978,6.1101,4.0296
hs11 75000000 79999999 0.0000,3.4536,0.0000
hs11 80000000 84999999 0.0000,0.0000,3.4842
hs11 90000000 94999999 3.1258,3.1956,0.0000
hs11 95000000 99999999 4.0706,0.0000,0.0000
hs11 100000000 104999999 0.0000,0.0000,3.2975
hs11 110000000 114999999 3.4067,4.0293,0.0000
hs11 115000000 119999999 0.0000,3.4437,3.4384
hs11 120000000 124999999 3.5933,0.0000,0.0000
hs11 125000000 129999999 0.0000,3.1052,0.0000
hs22 10000000 14999999 0.0000,0.0000,5.0764
hs22 15000000 19999999 5.0042,4.3826,5.1606
hs22 20000000 24999999 0.0000,3.7514,5.2497
hs22 25000000 29999999 3.4033,0.0000,4.8893
hs22 30000000 34999999 0.0000,3.1427,0.0000
hs22 40000000 44999999 0.0000,3.0069,3.9491
hs22 45000000 49999999 4.2999,4.4633,3.3906
hs10 0 4999999 4.2471,0.0000,0.0000
hs10 5000000 9999999 0.0000,3.6559,0.0000
hs10 15000000 19999999 5.1546,5.0274,3.3558
hs10 20000000 24999999 3.3899,3.3334,0.0000
hs10 25000000 29999999 0.0000,3.0422,4.1736
hs10 30000000 34999999 0.0000,3.7719,4.8644
hs10 35000000 39999999 5.4019,4.3052,5.0388
hs10 40000000 44999999 4.7412,3.9948,5.3197
hs10 45000000 49999999 0.0000,3.5145,4.0373
hs10 50000000 54999999 3.8590,4.1042,3.4116
hs10 55000000 59999999 0.0000,3.1772,0.0000
hs10 60000000 64999999 3.0441,3.1804,0.0000
hs10 65000000 69999999 3.1364,3.1062,0.0000
hs10 70000000 74999999 0.0000,3.4195,3.6848
hs10 75000000 79999999 0.0000,3.1987,0.0000
hs10 85000000 89999999 0.0000,0.0000,3.1474
hs10 90000000 94999999 0.0000,3.4758,0.0000
hs10 95000000 99999999 0.0000,3.5575,3.6958
hs10 100000000 104999999 3.4703,3.6521,3.2082
hs10 105000000 109999999 0.0000,3.3047,0.0000
hs10 110000000 114999999 3.1329,0.0000,0.0000
hs10 115000000 119999999 0.0000,3.2271,0.0000
hs10 120000000 124999999 3.3685,0.0000,0.0000
hs10 125000000 129999999 0.0000,3.0766,0.0000
hs10 135000000 139999999 4.9194,4.4962,0.0000
hs7 0 4999999 5.1250,4.4188,0.0000
hs7 5000000 9999999 5.6218,5.5119,4.2133
hs7 10000000 14999999 3.0048,0.0000,3.2380
hs7 20000000 24999999 3.7105,3.7645,3.2443
hs7 25000000 29999999 0.0000,3.4150,3.6619
hs7 30000000 34999999 3.4072,0.0000,5.1222
hs7 35000000 39999999 4.9189,3.4365,0.0000
hs7 40000000 44999999 3.2783,0.0000,3.0402
hs7 45000000 49999999 5.0410,3.7883,0.0000
hs7 50000000 54999999 4.7358,0.0000,4.6220
hs7 55000000 59999999 5.4520,4.1066,4.9888
hs7 60000000 64999999 5.1218,4.6579,5.2584
hs7 65000000 69999999 3.6812,3.5046,0.0000
hs7 75000000 79999999 3.8015,3.1764,0.0000
hs7 80000000 84999999 3.5920,3.5762,4.0481
hs7 85000000 89999999 0.0000,3.0330,0.0000
hs7 90000000 94999999 3.5152,3.3404,3.3666
hs7 95000000 99999999 5.3999,5.7726,3.5893
hs7 100000000 104999999 3.0795,3.2079,0.0000
hs7 105000000 109999999 0.0000,0.0000,3.6065
hs7 110000000 114999999 3.4982,0.0000,0.0000
hs7 115000000 119999999 0.0000,0.0000,3.2565
hs7 120000000 124999999 3.0294,3.6107,3.3612
hs7 125000000 129999999 4.9011,3.2838,3.1323
hs7 130000000 134999999 0.0000,3.2090,0.0000
hs7 135000000 139999999 3.6165,3.5577,0.0000
hs7 140000000 144999999 3.2413,0.0000,3.2418
hs7 145000000 149999999 0.0000,3.3901,3.0927
hs7 155000000 159999999 0.0000,3.6114,0.0000
hs20 0 4999999 0.0000,3.2681,0.0000
hs20 5000000 9999999 3.1235,0.0000,0.0000
hs20 10000000 14999999 0.0000,3.4615,4.3369
hs20 25000000 29999999 5.0203,0.0000,5.1588
hs20 30000000 34999999 4.1910,3.6367,0.0000
hs20 35000000 39999999 0.0000,3.3216,3.0334
hs20 40000000 44999999 0.0000,0.0000,4.4069
hs20 45000000 49999999 0.0000,3.1889,0.0000
hs20 55000000 59999999 0.0000,0.0000,3.3744
hs20 60000000 64999999 4.6769,4.4741,0.0000
hs4 15000000 19999999 0.0000,0.0000,3.0734
hs4 60000000 64999999 0.0000,0.0000,3.0704
hs4 65000000 69999999 0.0000,0.0000,3.4781
hs4 75000000 79999999 0.0000,0.0000,3.9105
hs4 80000000 84999999 0.0000,0.0000,3.1245
hs4 100000000 104999999 0.0000,0.0000,3.4943
hs4 105000000 109999999 0.0000,0.0000,3.2423
hs4 110000000 114999999 0.0000,0.0000,3.1861
hs4 135000000 139999999 0.0000,0.0000,3.1906
hs4 155000000 159999999 0.0000,0.0000,3.5940
hs4 165000000 169999999 0.0000,0.0000,3.0298
hs4 185000000 189999999 0.0000,0.0000,3.4338
hs16 0 4999999 3.7493,3.0821,4.0294
hs16 5000000 9999999 5.4784,5.7616,0.0000
hs16 10000000 14999999 3.6817,3.4473,4.7268
hs16 25000000 29999999 3.4960,3.3802,3.7584
hs16 30000000 34999999 4.9657,3.7228,6.1709
hs16 45000000 49999999 0.0000,3.4156,4.4956
hs16 50000000 54999999 3.7144,3.5818,5.2297
hs16 55000000 59999999 0.0000,3.5923,0.0000
hs16 70000000 74999999 3.0128,3.0095,3.7163
hs16 75000000 79999999 3.2180,3.2276,0.0000
hs16 85000000 89999999 5.2285,4.7590,4.6636
hs13 15000000 19999999 5.0408,3.2430,4.8592
hs13 20000000 24999999 3.8964,3.7702,3.7606
hs13 25000000 29999999 3.0682,3.0338,3.2261
hs13 30000000 34999999 0.0000,3.0410,4.6609
hs13 35000000 39999999 3.1520,0.0000,0.0000
hs13 40000000 44999999 5.1214,5.0551,3.5429
hs13 45000000 49999999 3.9675,3.6747,0.0000
hs13 50000000 54999999 3.6001,3.8150,3.7303
hs13 55000000 59999999 0.0000,3.4854,0.0000
hs13 60000000 64999999 4.2634,3.7930,0.0000
hs13 65000000 69999999 4.8612,4.8670,3.3688
hs13 70000000 74999999 3.0065,0.0000,3.0128
hs13 75000000 79999999 0.0000,3.7584,0.0000
hs13 80000000 84999999 0.0000,3.1892,0.0000
hs13 85000000 89999999 3.0853,3.0920,3.0899
hs13 90000000 94999999 0.0000,0.0000,5.6998
hs13 95000000 99999999 3.4576,3.2074,0.0000
hs13 110000000 114999999 4.1035,0.0000,3.1303
hs18 0 4999999 4.4926,4.2014,3.1535
hs18 5000000 9999999 0.0000,3.4628,0.0000
hs18 10000000 14999999 5.0467,3.8285,5.2458
hs18 15000000 19999999 0.0000,0.0000,5.1339
hs18 20000000 24999999 4.5784,3.9618,3.2154
hs18 25000000 29999999 3.7153,3.7918,3.7868
hs18 30000000 34999999 0.0000,3.2536,0.0000
hs18 45000000 49999999 0.0000,3.4087,0.0000
hs18 50000000 54999999 0.0000,3.5724,3.4439
hs18 55000000 59999999 0.0000,3.4499,3.0734
hs18 60000000 64999999 3.8022,0.0000,0.0000
hs18 65000000 69999999 0.0000,3.0273,0.0000
hs3 5000000 9999999 4.7406,4.8712,0.0000
hs3 10000000 14999999 3.6544,4.0021,3.2639
hs3 15000000 19999999 4.6804,5.1034,4.1430
hs3 20000000 24999999 3.2183,0.0000,3.3773
hs3 25000000 29999999 0.0000,3.3835,0.0000
hs3 30000000 34999999 3.5266,3.0154,4.9738
hs3 35000000 39999999 3.9744,3.8218,3.7439
hs3 40000000 44999999 3.9082,3.5670,5.2768
hs3 45000000 49999999 0.0000,3.2287,3.1821
hs3 50000000 54999999 3.5436,0.0000,0.0000
hs3 60000000 64999999 0.0000,3.1810,0.0000
hs3 70000000 74999999 0.0000,3.0839,0.0000
hs3 75000000 79999999 5.9178,5.9416,3.7158
hs3 80000000 84999999 0.0000,3.0986,0.0000
hs3 85000000 89999999 3.6858,3.8533,0.0000
hs3 95000000 99999999 0.0000,3.0622,0.0000
hs3 100000000 104999999 3.0265,0.0000,0.0000
hs3 105000000 109999999 3.5363,3.6156,0.0000
hs3 110000000 114999999 4.5062,4.5223,0.0000
hs3 125000000 129999999 5.8006,5.9490,0.0000
hs3 130000000 134999999 5.6935,5.7544,0.0000
hs3 135000000 139999999 0.0000,3.2453,3.4357
hs3 140000000 144999999 3.0422,3.0888,3.5874
hs3 145000000 149999999 3.3983,3.1956,3.0726
hs3 150000000 154999999 0.0000,3.5651,3.8527
hs3 155000000 159999999 3.1367,3.1923,0.0000
hs3 165000000 169999999 0.0000,0.0000,3.0116
hs3 170000000 174999999 0.0000,3.2360,0.0000
hs3 175000000 179999999 0.0000,3.3412,0.0000
hs3 180000000 184999999 3.3899,3.6137,3.0941
hs3 185000000 189999999 3.2219,3.2636,3.1940
hs3 195000000 199999999 5.0647,4.3468,3.6364
hs9 0 4999999 3.8547,3.9356,4.4783
hs9 5000000 9999999 0.0000,0.0000,3.6567
hs9 10000000 14999999 4.5442,0.0000,3.2201
hs9 15000000 19999999 4.7400,0.0000,0.0000
hs9 25000000 29999999 3.6050,3.6324,0.0000
hs9 30000000 34999999 4.1218,3.5173,0.0000
hs9 35000000 39999999 3.5687,3.9509,3.5860
hs9 40000000 44999999 5.7679,0.0000,5.2415
hs9 45000000 49999999 5.9310,0.0000,4.4313
hs9 65000000 69999999 5.9276,0.0000,5.8482
hs9 70000000 74999999 0.0000,3.7186,0.0000
hs9 75000000 79999999 3.0154,3.0187,3.1355
hs9 80000000 84999999 3.8314,3.7053,0.0000
hs9 85000000 89999999 3.5513,3.4807,3.7754
hs9 90000000 94999999 5.3708,5.3173,3.7077
hs9 95000000 99999999 3.5449,3.8440,0.0000
hs9 100000000 104999999 0.0000,3.2292,0.0000
hs9 105000000 109999999 3.2655,0.0000,3.9735
hs9 110000000 114999999 3.3863,3.3827,3.6539
hs9 120000000 124999999 3.4200,3.4161,3.5664
hs9 125000000 129999999 3.1099,3.6784,0.0000
hs9 130000000 134999999 3.5431,0.0000,3.8452
hs9 140000000 144999999 4.8034,3.8514,0.0000
hs5 0 4999999 4.3952,4.1933,0.0000
hs5 5000000 9999999 0.0000,0.0000,4.8432
hs5 10000000 14999999 3.5447,0.0000,3.2420
hs5 20000000 24999999 4.1379,4.0102,0.0000
hs5 25000000 29999999 0.0000,3.3964,0.0000
hs5 30000000 34999999 0.0000,3.4881,3.0871
hs5 35000000 39999999 0.0000,3.6114,0.0000
hs5 40000000 44999999 3.5408,0.0000,3.2385
hs5 50000000 54999999 3.4820,0.0000,0.0000
hs5 60000000 64999999 0.0000,3.2375,4.6220
hs5 70000000 74999999 3.7822,3.6117,3.8458
hs5 75000000 79999999 3.9934,3.9414,4.1483
hs5 80000000 84999999 0.0000,3.0969,0.0000
hs5 85000000 89999999 3.1602,0.0000,0.0000
hs5 90000000 94999999 0.0000,3.4138,3.4136
hs5 95000000 99999999 3.1252,3.2538,0.0000
hs5 105000000 109999999 3.3235,0.0000,0.0000
hs5 110000000 114999999 0.0000,3.5595,0.0000
hs5 115000000 119999999 3.1875,0.0000,3.5739
hs5 120000000 124999999 3.6503,3.2418,3.2170
hs5 135000000 139999999 3.6099,3.1584,0.0000
hs5 140000000 144999999 3.7993,3.7426,3.3228
hs5 145000000 149999999 0.0000,3.2378,0.0000
hs5 150000000 154999999 3.1183,3.6841,0.0000
hs5 165000000 169999999 3.3964,3.3936,3.4014
hs5 170000000 174999999 3.3844,3.3827,4.8694
hs5 175000000 179999999 3.3602,0.0000,0.0000
hs5 180000000 184999999 5.1936,5.1653,4.7508
hsY 0 4999999 3.1011,3.3292,4.5263
hsY 5000000 9999999 3.4450,0.0000,3.5545
hsY 10000000 14999999 5.3897,3.8550,4.7537
hsY 15000000 19999999 0.0000,3.3204,3.3306
hsY 20000000 24999999 5.0891,4.7623,5.9771
hsY 25000000 29999999 5.0891,4.7623,6.0010
hsY 55000000 59999999 0.0000,0.0000,4.0128
hs1 0 4999999 5.6822,5.6363,5.2511
hs1 5000000 9999999 0.0000,0.0000,4.3701
hs1 10000000 14999999 0.0000,3.2794,3.4804
hs1 15000000 19999999 3.3833,0.0000,0.0000
hs1 20000000 24999999 3.7766,3.8774,0.0000
hs1 25000000 29999999 3.3218,3.7695,3.6318
hs1 30000000 34999999 3.3893,3.3854,3.4002
hs1 35000000 39999999 3.3789,3.1556,0.0000
hs1 40000000 44999999 3.0599,3.2156,0.0000
hs1 45000000 49999999 4.0436,3.4336,3.1741
hs1 50000000 54999999 3.1501,3.0326,3.1587
hs1 55000000 59999999 3.4755,3.7358,3.4633
hs1 65000000 69999999 0.0000,0.0000,3.2435
hs1 75000000 79999999 3.3096,3.3395,0.0000
hs1 80000000 84999999 3.2284,3.7301,3.3870
hs1 85000000 89999999 3.1775,0.0000,0.0000
hs1 90000000 94999999 3.1242,0.0000,4.0008
hs1 95000000 99999999 3.5443,3.5746,3.2455
hs1 100000000 104999999 3.6496,3.4565,3.6334
hs1 110000000 114999999 3.4349,3.1676,3.1498
hs1 115000000 119999999 3.7182,3.9153,3.5396
hs1 120000000 124999999 0.0000,0.0000,4.1730
hs1 140000000 144999999 5.9239,4.0488,3.8549
hs1 145000000 149999999 4.5448,3.9144,4.9791
hs1 150000000 154999999 3.3101,3.8265,3.4935
hs1 155000000 159999999 3.0162,3.7167,3.6513
hs1 160000000 164999999 0.0000,0.0000,3.3692
hs1 165000000 169999999 3.1544,3.2443,3.8418
hs1 170000000 174999999 0.0000,3.2728,0.0000
hs1 175000000 179999999 3.9007,3.6276,3.1758
hs1 180000000 184999999 3.0711,0.0000,3.5324
hs1 185000000 189999999 0.0000,3.1584,0.0000
hs1 190000000 194999999 3.2214,3.1694,0.0000
hs1 195000000 199999999 3.4722,3.4722,0.0000
hs1 200000000 204999999 3.4156,3.5643,4.9338
hs1 205000000 209999999 3.6134,3.4881,3.6835
hs1 210000000 214999999 0.0000,0.0000,3.8500
hs1 215000000 219999999 3.2238,0.0000,3.5802
hs1 220000000 224999999 5.4456,4.8805,0.0000
hs1 225000000 229999999 4.5726,3.9392,3.9053
hs1 230000000 234999999 3.2063,0.0000,0.0000
hs1 235000000 239999999 3.5728,3.9498,3.9768
hs1 240000000 244999999 5.4910,4.7457,0.0000
hs1 245000000 249999999 4.3399,4.2002,0.0000
hs19 0 4999999 5.1418,4.9619,5.1061
hs19 5000000 9999999 0.0000,3.5175,0.0000
hs19 10000000 14999999 3.8583,3.7658,3.8727
hs19 15000000 19999999 0.0000,3.2415,0.0000
hs19 20000000 24999999 3.8986,3.9821,3.7426
hs19 35000000 39999999 3.2797,3.2760,4.7187
hs19 40000000 44999999 5.1205,0.0000,3.3479
hs19 45000000 49999999 4.6709,3.7580,3.3245
hs19 55000000 59999999 0.0000,0.0000,3.3361
hs19 60000000 64999999 4.3336,4.4158,0.0000
hs2 0 4999999 4.1862,3.9287,3.1028
hs2 5000000 9999999 3.0310,0.0000,0.0000
hs2 10000000 14999999 3.0689,3.2014,4.8937
hs2 20000000 24999999 0.0000,0.0000,4.9544
hs2 25000000 29999999 0.0000,0.0000,3.3079
hs2 30000000 34999999 3.1116,3.0402,3.5408
hs2 35000000 39999999 0.0000,0.0000,3.0322
hs2 40000000 44999999 3.1294,3.5792,0.0000
hs2 50000000 54999999 0.0000,0.0000,3.1608
hs2 55000000 59999999 0.0000,3.0382,3.3647
hs2 60000000 64999999 3.0124,3.6776,3.7212
hs2 65000000 69999999 0.0000,3.6484,3.1767
hs2 70000000 74999999 5.1845,5.1157,3.0763
hs2 75000000 79999999 0.0000,3.3929,0.0000
hs2 80000000 84999999 3.3267,0.0000,0.0000
hs2 85000000 89999999 0.0000,0.0000,5.5091
hs2 90000000 94999999 5.5185,4.1490,5.4876
hs2 95000000 99999999 4.4813,4.5019,3.3735
hs2 100000000 104999999 3.1508,0.0000,3.7529
hs2 105000000 109999999 3.5319,3.1635,3.2299
hs2 110000000 114999999 4.3126,4.5531,4.9708
hs2 115000000 119999999 0.0000,0.0000,3.7792
hs2 120000000 124999999 0.0000,3.0881,0.0000
hs2 125000000 129999999 0.0000,3.3363,0.0000
hs2 130000000 134999999 4.6102,3.1535,5.5949
hs2 135000000 139999999 4.1513,4.0438,0.0000
hs2 140000000 144999999 3.3019,0.0000,0.0000
hs2 145000000 149999999 3.0948,0.0000,3.3808
hs2 150000000 154999999 0.0000,3.6451,0.0000
hs2 155000000 159999999 5.1558,5.0962,0.0000
hs2 160000000 164999999 4.5593,0.0000,0.0000
hs2 165000000 169999999 0.0000,0.0000,4.4290
hs2 170000000 174999999 3.7978,3.6928,3.7087
hs2 175000000 179999999 3.5244,0.0000,3.0145
hs2 180000000 184999999 0.0000,3.6467,0.0000
hs2 185000000 189999999 3.6747,3.2175,0.0000
hs2 190000000 194999999 0.0000,3.1706,3.2317
hs2 195000000 199999999 3.4255,3.9289,3.5075
hs2 200000000 204999999 3.7221,3.9408,3.9461
hs2 205000000 209999999 3.5732,3.5700,3.5889
hs2 215000000 219999999 3.5716,3.3769,3.4406
hs2 220000000 224999999 3.5989,0.0000,3.1562
hs2 225000000 229999999 3.1474,3.2082,3.0386
hs2 230000000 234999999 0.0000,3.6194,3.5085
hs2 235000000 239999999 3.1126,3.4036,0.0000
hs2 240000000 244999999 4.7749,4.9398,0.0000
hs8 0 4999999 4.9951,0.0000,4.7236
hs8 5000000 9999999 6.0792,0.0000,0.0000
hs8 10000000 14999999 6.0724,0.0000,0.0000
hs8 15000000 19999999 3.3718,0.0000,0.0000
hs8 20000000 24999999 0.0000,0.0000,3.0719
hs8 25000000 29999999 3.1377,0.0000,3.0077
hs8 30000000 34999999 0.0000,0.0000,3.0199
hs8 40000000 44999999 3.7367,0.0000,3.2617
hs8 45000000 49999999 3.0682,0.0000,3.5344
hs8 50000000 54999999 0.0000,0.0000,3.5484
hs8 55000000 59999999 3.9824,0.0000,0.0000
hs8 60000000 64999999 3.2463,0.0000,3.8777
hs8 65000000 69999999 3.2170,0.0000,3.0959
hs8 70000000 74999999 3.2516,0.0000,3.1892
hs8 80000000 84999999 4.0024,0.0000,4.0782
hs8 90000000 94999999 3.1553,0.0000,3.0170
hs8 110000000 114999999 3.1361,0.0000,3.3251
hs8 115000000 119999999 3.3483,0.0000,0.0000
hs8 120000000 124999999 3.1838,0.0000,3.0806
hs8 125000000 129999999 3.3551,0.0000,3.0257
hs8 130000000 134999999 3.5433,0.0000,0.0000
hs8 135000000 139999999 3.3840,0.0000,0.0000
hs8 140000000 144999999 3.6216,0.0000,3.4836
hs6 0 4999999 4.7856,4.8979,4.7982
hs6 5000000 9999999 3.6994,3.6944,3.9152
hs6 10000000 14999999 0.0000,0.0000,3.1367
hs6 20000000 24999999 3.0290,3.9031,0.0000
hs6 25000000 29999999 0.0000,3.7043,0.0000
hs6 30000000 34999999 3.9608,3.9084,3.7142
hs6 40000000 44999999 3.2885,3.6629,3.3008
hs6 45000000 49999999 3.4751,0.0000,0.0000
hs6 50000000 54999999 3.7605,0.0000,3.1235
hs6 60000000 64999999 0.0000,3.6327,0.0000
hs6 65000000 69999999 3.2092,3.0948,0.0000
hs6 70000000 74999999 3.8726,3.7582,3.5832
hs6 75000000 79999999 0.0000,0.0000,3.1732
hs6 80000000 84999999 0.0000,0.0000,3.3375
hs6 85000000 89999999 3.0986,0.0000,0.0000
hs6 90000000 94999999 3.3555,0.0000,0.0000
hs6 95000000 99999999 3.3345,0.0000,3.4946
hs6 100000000 104999999 3.2022,3.4937,3.1917
hs6 105000000 109999999 3.6723,3.1962,3.1970
hs6 110000000 114999999 3.0199,3.3220,3.0141
hs6 120000000 124999999 0.0000,0.0000,3.1455
hs6 125000000 129999999 3.3454,3.3276,0.0000
hs6 130000000 134999999 3.3379,3.6215,3.3502
hs6 135000000 139999999 3.5601,0.0000,3.1726
hs6 145000000 149999999 3.2737,0.0000,0.0000
hs6 150000000 154999999 3.5741,3.3069,0.0000
hs6 155000000 159999999 3.0265,0.0000,3.3230
hs6 160000000 164999999 0.0000,0.0000,3.3581
hs6 170000000 174999999 4.8652,5.1534,4.7361
hs17 0 4999999 3.4116,3.5996,3.8536
hs17 5000000 9999999 0.0000,3.2375,0.0000
hs17 15000000 19999999 0.0000,3.8477,3.2579
hs17 20000000 24999999 4.6786,3.2294,5.0196
hs17 25000000 29999999 0.0000,0.0000,4.3556
hs17 30000000 34999999 0.0000,3.7158,3.5990
hs17 35000000 39999999 3.7925,3.8166,4.0645
hs17 40000000 44999999 3.0378,3.2084,0.0000
hs17 50000000 54999999 3.1199,0.0000,0.0000
hs17 55000000 59999999 3.4462,0.0000,3.6988
hs17 60000000 64999999 3.2044,0.0000,0.0000
hs17 70000000 74999999 0.0000,0.0000,3.2797
hs17 75000000 79999999 0.0000,0.0000,4.2075
hs14 15000000 19999999 0.0000,0.0000,5.6437
hs14 20000000 24999999 3.6687,0.0000,3.9031
hs14 30000000 34999999 3.0715,0.0000,0.0000
hs14 35000000 39999999 3.4091,0.0000,0.0000
hs14 40000000 44999999 3.0430,0.0000,0.0000
hs14 45000000 49999999 3.4688,0.0000,0.0000
hs14 50000000 54999999 5.1740,5.1002,4.1377
hs14 55000000 59999999 3.5136,0.0000,3.4360
hs14 60000000 64999999 0.0000,0.0000,3.4857
hs14 65000000 69999999 3.0496,3.5093,3.6985
hs14 70000000 74999999 0.0000,3.5489,4.0803
hs14 75000000 79999999 3.3179,3.0145,0.0000
hs14 80000000 84999999 3.1827,0.0000,3.6520
hs14 85000000 89999999 0.0000,0.0000,3.4357
hs14 90000000 94999999 3.0166,3.0183,3.1065
hs14 95000000 99999999 0.0000,0.0000,3.2853
hs14 100000000 104999999 3.5289,3.5103,3.7681
hs14 105000000 109999999 0.0000,0.0000,5.3289
hs21 5000000 9999999 0.0000,0.0000,4.5744
hs21 10000000 14999999 5.0597,3.2448,5.3943
hs21 15000000 19999999 0.0000,0.0000,3.3621
hs21 20000000 24999999 3.0137,0.0000,3.5315
hs21 30000000 34999999 5.0336,4.7453,3.0959
hs21 45000000 49999999 4.1196,4.3595,0.0000
